	IST       	p       	i       	omega      	e       	w       	S       	T       	W       	
              0	        9316.77	       0.911062	        0.15708	       0.414174	    0.000758669	  -2.88568e-005	             -0	             -0
      0.0992413	        9316.26	       0.911041	       0.157077	       0.414066	     0.00149608	  -2.81552e-005	  -3.55875e-006	  -2.77431e-006
       0.198504	        9315.25	       0.910999	       0.157067	        0.41386	     0.00216003	  -2.61119e-005	  -6.85519e-006	  -5.42582e-006
        0.29784	        9313.81	       0.910939	       0.157043	       0.413576	     0.00269212	  -2.29111e-005	  -9.65533e-006	   -7.8406e-006
       0.397308	           9312	       0.910864	       0.157003	       0.413239	     0.00304067	  -1.88338e-005	  -1.17786e-005	  -9.92195e-006
       0.496959	        9309.91	       0.910776	       0.156942	       0.412879	     0.00317368	  -1.42237e-005	  -1.31148e-005	  -1.15966e-005
       0.596826	        9307.62	       0.910681	        0.15686	       0.412526	     0.00308818	  -9.44706e-006	  -1.36316e-005	  -1.28191e-005
       0.696912	        9305.25	       0.910582	       0.156754	       0.412209	     0.00281329	  -4.85231e-006	  -1.33725e-005	  -1.35727e-005
       0.797187	        9302.89	       0.910484	       0.156626	       0.411947	      0.0024058	  -7.35473e-007	  -1.24449e-005	  -1.38693e-005
       0.897594	        9300.65	        0.91039	       0.156477	       0.411757	     0.00193938	    2.6853e-006	  -1.10022e-005	  -1.37456e-005
       0.998061	        9298.62	       0.910305	       0.156309	       0.411645	     0.00149001	   5.28271e-006	  -9.22217e-006	  -1.32581e-005
        1.09851	        9296.86	       0.910232	       0.156127	       0.411608	     0.00112141	   7.02061e-006	  -7.28467e-006	  -1.24767e-005
        1.19888	        9295.44	       0.910172	       0.155933	       0.411638	    0.000874004	   7.94311e-006	  -5.35272e-006	  -1.14779e-005
        1.29913	         9294.4	       0.910129	       0.155734	       0.411721	    0.000759749	   8.15577e-006	  -3.55863e-006	  -1.03381e-005
        1.39924	        9293.74	       0.910101	       0.155532	        0.41184	    0.000763606	   7.80297e-006	  -1.99636e-006	  -9.12837e-006
        1.49924	        9293.47	        0.91009	       0.155334	       0.411975	    0.000850511	   7.04523e-006	  -7.19972e-007	  -7.91063e-006
        1.59915	        9293.58	       0.910095	       0.155142	       0.412111	    0.000975572	   6.03955e-006	   2.53027e-007	  -6.73511e-006
        1.69902	        9294.02	       0.910113	       0.154962	       0.412233	     0.00109471	   4.92459e-006	   9.34867e-007	  -5.63941e-006
        1.79891	        9294.76	       0.910144	       0.154795	        0.41233	     0.00117332	   3.81136e-006	   1.35896e-006	  -4.64866e-006
        1.89883	        9295.73	       0.910184	       0.154645	       0.412396	     0.00119127	   2.77947e-006	   1.57105e-006	  -3.77663e-006
        1.99881	        9296.88	       0.910232	       0.154512	       0.412429	     0.00114388	   1.87785e-006	   1.62121e-006	  -3.02735e-006
        2.09886	        9298.14	       0.910285	       0.154398	       0.412429	     0.00103941	    1.1288e-006	   1.55757e-006	  -2.39725e-006
        2.19896	        9299.46	        0.91034	       0.154302	       0.412402	    0.000894243	   5.34056e-007	   1.42201e-006	   -1.8773e-006
        2.29911	        9300.78	       0.910395	       0.154224	       0.412352	    0.000727509	   8.13259e-008	   1.24799e-006	  -1.45508e-006
        2.39927	        9302.04	       0.910448	       0.154162	       0.412287	    0.000556302	  -2.49618e-007	      1.06e-006	  -1.11657e-006
        2.49944	        9303.22	       0.910497	       0.154116	       0.412215	    0.000392534	  -4.82034e-007	   8.74286e-007	   -8.4757e-007
        2.59961	        9304.26	       0.910541	       0.154083	       0.412142	    0.000241727	  -6.38722e-007	   7.00225e-007	  -6.34602e-007
        2.69976	        9305.15	       0.910578	       0.154061	       0.412074	    0.000103577	  -7.39914e-007	   5.41964e-007	  -4.65497e-007
         2.7999	        9305.86	       0.910607	       0.154047	       0.412016	  -2.61764e-005	  -8.02249e-007	   3.99953e-007	  -3.29588e-007
        2.90003	        9306.37	       0.910629	       0.154041	       0.411973	   -0.000153217	   -8.3851e-007	   2.72222e-007	  -2.17677e-007
        3.00015	        9306.67	       0.910641	       0.154039	       0.411946	   -0.000282043	  -8.57788e-007	   1.55332e-007	  -1.21815e-007
        3.10028	        9306.76	       0.910645	       0.154038	       0.411938	   -0.000413785	  -8.65802e-007	   4.50312e-008	  -3.49904e-008
        3.20041	        9306.63	        0.91064	       0.154038	        0.41195	   -0.000544797	  -8.65206e-007	  -6.33215e-008	   4.92435e-008
        3.30054	         9306.3	       0.910626	       0.154035	       0.411979	   -0.000666217	  -8.55746e-007	  -1.74468e-007	   1.37167e-007
        3.40067	        9305.75	       0.910603	       0.154028	       0.412025	   -0.000764618	  -8.34244e-007	  -2.93001e-007	   2.35292e-007
        3.50076	        9305.01	       0.910572	       0.154013	       0.412085	   -0.000823703	  -7.94395e-007	  -4.23051e-007	   3.50751e-007
        3.60082	         9304.1	       0.910534	       0.153989	       0.412154	   -0.000826919	  -7.26465e-007	  -5.67814e-007	   4.91646e-007
        3.70083	        9303.03	       0.910489	       0.153954	       0.412227	    -0.00076064	  -6.17009e-007	   -7.2884e-007	    6.6733e-007
        3.80076	        9301.84	       0.910439	       0.153905	       0.412299	   -0.000617435	  -4.48804e-007	  -9.05027e-007	   8.88584e-007
        3.90062	        9300.56	       0.910386	       0.153841	       0.412362	    -0.00039872	  -2.01272e-007	  -1.09133e-006	   1.16761e-006
         4.0004	        9299.23	       0.910331	        0.15376	       0.412408	   -0.000116109	    1.4832e-007	  -1.27724e-006	   1.51782e-006
        4.10012	        9297.92	       0.910276	       0.153661	       0.412432	    0.000209185	   6.22578e-007	  -1.44528e-006	   1.95324e-006
        4.19979	        9296.67	       0.910224	       0.153544	       0.412426	    0.000549148	   1.24039e-006	  -1.56973e-006	   2.48763e-006
        4.29945	        9295.55	       0.910177	       0.153408	       0.412388	    0.000873777	   2.01202e-006	   -1.6161e-006	    3.1331e-006
        4.39913	        9294.62	       0.910138	       0.153255	       0.412317	     0.00115711	   2.93303e-006	  -1.54174e-006	   3.89832e-006
        4.49884	        9293.93	       0.910109	       0.153086	       0.412216	     0.00138319	   3.97775e-006	  -1.29823e-006	   4.78632e-006
        4.59862	        9293.54	       0.910093	       0.152904	       0.412091	     0.00155054	   5.09321e-006	  -8.35821e-007	   5.79216e-006
        4.69845	         9293.5	       0.910091	       0.152711	       0.411955	     0.00167366	   6.19513e-006	  -1.09991e-007	   6.90056e-006
        4.79833	        9293.83	       0.910105	       0.152512	       0.411821	      0.0017809	   7.16746e-006	   9.10078e-007	   8.08404e-006
        4.89822	        9294.55	       0.910135	        0.15231	       0.411707	     0.00190883	   7.86706e-006	   2.23224e-006	   9.30194e-006
        4.99809	        9295.66	       0.910181	       0.152112	       0.411631	     0.00209423	   8.13449e-006	   3.83271e-006	   1.05007e-005
        5.09791	        9297.14	       0.910243	        0.15192	       0.411611	     0.00236583	   7.81056e-006	   5.64988e-006	   1.16157e-005
        5.19763	        9298.94	       0.910319	        0.15174	       0.411659	     0.00273796	    6.7573e-006	   7.58223e-006	   1.25744e-005
        5.29726	        9301.01	       0.910405	       0.151575	       0.411783	     0.00320812	   4.88057e-006	   9.49182e-006	   1.33013e-005
        5.39679	        9303.28	         0.9105	        0.15143	       0.411984	     0.00375913	   2.15119e-006	   1.12135e-005	    1.3723e-005
        5.49624	        9305.64	       0.910598	       0.151306	       0.412254	     0.00436535	  -1.37909e-006	   1.25696e-005	   1.37741e-005
        5.59563	           9308	       0.910697	       0.151204	       0.412578	     0.00500094	  -5.56958e-006	   1.33884e-005	   1.34032e-005
          5.695	        9310.26	       0.910791	       0.151126	       0.412932	      0.0056476	  -1.01928e-005	   1.35251e-005	   1.25781e-005
        5.79435	        9312.31	       0.910876	       0.151069	        0.41329	     0.00629907	   -1.4948e-005	   1.28821e-005	   1.12905e-005
         5.8937	        9314.06	       0.910949	       0.151032	       0.413621	     0.00696084	  -1.94863e-005	   1.14258e-005	   9.55939e-006
        5.99304	        9315.43	       0.911006	       0.151011	       0.413895	     0.00764492	  -2.34449e-005	   9.19759e-006	   7.43206e-006
        6.09236	        9316.35	       0.911045	       0.151002	       0.414087	     0.00836122	   -2.6487e-005	   6.31607e-006	   4.98318e-006
        6.19164	        9316.78	       0.911062	          0.151	        0.41418	     0.00910825	  -2.83423e-005	   2.96874e-006	   2.31086e-006
        6.29089	        9316.69	       0.911059	          0.151	       0.414165	     0.00986654	  -2.88409e-005	   -6.0576e-007	  -4.69941e-007
        6.39013	         9316.1	       0.911034	       0.150996	       0.414042	      0.0105971	   -2.7935e-005	  -4.14318e-006	  -3.23585e-006
         6.4894	        9315.02	       0.910989	       0.150983	       0.413823	      0.0112462	  -2.57055e-005	  -7.38292e-006	  -5.86441e-006
        6.58875	        9313.51	       0.910926	       0.150957	        0.41353	      0.0117555	  -2.23513e-005	  -1.00967e-005	  -8.24323e-006
        6.68824	        9311.64	       0.910848	       0.150914	       0.413187	      0.0120754	  -1.81644e-005	  -1.21124e-005	  -1.02779e-005
        6.78792	         9309.5	       0.910759	        0.15085	       0.412826	      0.0121775	  -1.34944e-005	  -1.33299e-005	  -1.18982e-005
        6.88782	        9307.19	       0.910663	       0.150763	       0.412475	      0.0120633	  -8.70833e-006	  -1.37275e-005	  -1.30617e-005
        6.98794	        9304.81	       0.910563	       0.150654	       0.412163	      0.0117663	  -4.15028e-006	  -1.33581e-005	  -1.37553e-005
        7.08823	        9302.46	       0.910466	       0.150521	       0.411911	      0.0113463	  -1.07922e-007	  -1.23369e-005	  -1.39936e-005
        7.18865	        9300.25	       0.910373	       0.150369	       0.411731	      0.0108785	   3.21165e-006	  -1.08225e-005	  -1.38163e-005
        7.28912	        9298.25	        0.91029	       0.150198	       0.411629	      0.0104376	   5.69325e-006	  -8.99515e-006	  -1.32819e-005
        7.38956	        9296.54	       0.910218	       0.150013	       0.411602	      0.0100848	   7.31237e-006	  -7.03416e-006	  -1.24615e-005
        7.48992	        9295.18	       0.910161	       0.149817	       0.411641	     0.00985637	   8.12297e-006	  -5.09993e-006	  -1.14322e-005
        7.59014	        9294.19	        0.91012	       0.149616	       0.411731	     0.00976009	   8.23796e-006	  -3.32061e-006	  -1.02703e-005
        7.69024	         9293.6	       0.910095	       0.149414	       0.411853	     0.00977743	   7.80616e-006	  -1.78526e-006	  -9.04641e-006
        7.79022	         9293.4	       0.910087	       0.149216	       0.411991	     0.00987113	   6.98983e-006	  -5.42957e-007	   -7.8213e-006
        7.89013	        9293.56	       0.910094	       0.149025	       0.412127	     0.00999575	   5.94539e-006	   3.93238e-007	  -6.64407e-006
           7.99	        9294.06	       0.910115	       0.148846	       0.412247	      0.0101081	   4.80921e-006	   1.03917e-006	  -5.55102e-006
        8.08989	        9294.84	       0.910147	       0.148682	        0.41234	      0.0101756	   3.68902e-006	   1.43082e-006	  -4.56604e-006
        8.18982	        9295.85	       0.910189	       0.148534	       0.412402	      0.0101804	   2.66071e-006	   1.61548e-006	  -3.70174e-006
        8.28982	        9297.03	       0.910239	       0.148403	       0.412431	      0.0101202	   1.76957e-006	   1.64382e-006	  -2.96117e-006
        8.38988	        9298.31	       0.910292	       0.148292	       0.412427	      0.0100051	   1.03478e-006	   1.56386e-006	  -2.33996e-006
        8.48999	        9299.64	       0.910348	       0.148199	       0.412396	     0.00985217	   4.55612e-007	   1.41686e-006	   -1.8285e-006
        8.59015	        9300.95	       0.910403	       0.148123	       0.412344	     0.00968082	   1.80452e-008	   1.23541e-006	  -1.41398e-006
        8.69032	        9302.21	       0.910455	       0.148064	       0.412278	     0.00950759	  -2.99191e-007	   1.04306e-006	  -1.08219e-006
        8.79049	        9303.37	       0.910504	        0.14802	       0.412205	      0.0093435	  -5.19845e-007	   8.55148e-007	  -8.18836e-007
        8.89066	         9304.4	       0.910546	       0.147989	       0.412132	     0.00919313	  -6.66815e-007	   6.80309e-007	  -6.10456e-007
        8.99081	        9305.26	       0.910582	       0.147968	       0.412065	     0.00905541	  -7.60172e-007	   5.22097e-007	  -4.44954e-007
        9.09094	        9305.93	        0.91061	       0.147956	       0.412009	     0.00892563	  -8.16255e-007	   3.80529e-007	  -3.11759e-007
        9.19107	        9306.41	        0.91063	        0.14795	       0.411968	     0.00879806	  -8.47489e-007	   2.53336e-007	  -2.01766e-007
         9.2912	        9306.68	       0.910641	       0.147949	       0.411944	     0.00866852	  -8.62591e-007	   1.36888e-007	  -1.07109e-007
        9.39133	        9306.73	       0.910644	       0.147949	       0.411939	     0.00853649	  -8.66914e-007	   2.68247e-008	  -2.08318e-008
        9.49146	        9306.57	       0.910637	       0.147948	       0.411953	     0.00840632	  -8.62754e-007	  -8.15419e-008	   6.34846e-008
        9.59159	        9306.19	       0.910621	       0.147944	       0.411984	     0.00828755	  -8.49506e-007	  -1.92944e-007	   1.52124e-007
        9.69171	        9305.62	       0.910597	       0.147936	       0.412033	     0.00819407	  -8.23631e-007	  -3.11909e-007	   2.51632e-007
        9.79181	        9304.85	       0.910565	        0.14792	       0.412094	     0.00814229	  -7.78459e-007	  -4.42432e-007	   3.69202e-007
        9.89186	        9303.91	       0.910526	       0.147894	       0.412164	     0.00814837	  -7.03892e-007	  -5.87486e-007	   5.13015e-007
        9.99185	        9302.82	       0.910481	       0.147857	       0.412237	     0.00822512	   -5.8615e-007	  -7.48282e-007	   6.92515e-007
        10.0918	        9301.61	        0.91043	       0.147806	       0.412308	      0.0083787	  -4.07764e-007	  -9.23245e-007	   9.18564e-007
        10.1916	        9300.33	       0.910376	       0.147739	       0.412369	     0.00860621	  -1.48081e-007	   -1.1067e-006	   1.20342e-006
        10.2914	        9299.01	       0.910321	       0.147656	       0.412412	     0.00889463	   2.15421e-007	  -1.28737e-006	   1.56049e-006
        10.3911	        9297.71	       0.910267	       0.147554	       0.412432	     0.00922169	   7.04713e-007	   -1.4469e-006	   2.00371e-006
        10.4908	        9296.48	       0.910216	       0.147434	       0.412423	     0.00955901	    1.3375e-006	  -1.55866e-006	   2.54662e-006
        10.5904	        9295.39	        0.91017	       0.147296	       0.412381	     0.00987711	   2.12216e-006	  -1.58736e-006	   3.20091e-006
        10.6901	         9294.5	       0.910133	       0.147141	       0.412306	      0.0101515	   3.05167e-006	  -1.48985e-006	   3.97465e-006
        10.7898	        9293.86	       0.910106	        0.14697	       0.412202	      0.0103683	   4.09711e-006	  -1.21775e-006	   4.87005e-006
        10.8896	        9293.53	       0.910092	       0.146786	       0.412075	      0.0105287	   5.20184e-006	  -7.22098e-007	   5.88106e-006
        10.9895	        9293.55	       0.910093	       0.146593	       0.411939	      0.0106494	   6.27784e-006	   3.98088e-008	   6.99116e-006
        11.0894	        9293.94	       0.910109	       0.146394	       0.411808	      0.0107603	    7.2059e-006	   1.09589e-006	   8.17149e-006
        11.1892	        9294.72	       0.910142	       0.146193	       0.411699	      0.0108984	   7.84103e-006	   2.45005e-006	   9.38006e-006
        11.2891	         9295.9	       0.910191	       0.145996	        0.41163	      0.0110993	   8.02391e-006	   4.07378e-006	   1.05621e-005
        11.3889	        9297.43	       0.910255	       0.145807	       0.411619	      0.0113899	   7.59803e-006	   5.90044e-006	   1.16523e-005
        11.4886	        9299.28	       0.910333	       0.145629	       0.411677	      0.0117816	   6.43094e-006	   7.82386e-006	   1.25778e-005
        11.5882	        9301.38	        0.91042	       0.145468	       0.411812	      0.0122693	   4.43672e-006	   9.70254e-006	   1.32633e-005
        11.6877	        9303.66	       0.910516	       0.145327	       0.412023	      0.0128339	   1.59651e-006	   1.13695e-005	   1.36363e-005
        11.7872	        9306.02	       0.910614	       0.145206	       0.412301	       0.013449	  -2.02644e-006	   1.26477e-005	   1.36329e-005
        11.8866	        9308.37	       0.910712	       0.145109	       0.412629	      0.0140894	  -6.27992e-006	   1.33684e-005	   1.32039e-005
        11.9859	         9310.6	       0.910805	       0.145034	       0.412985	      0.0147384	  -1.09264e-005	   1.33926e-005	   1.23195e-005
        12.0853	         9312.6	       0.910889	       0.144981	        0.41334	      0.0153916	  -1.56579e-005	   1.26307e-005	   1.09746e-005
        12.1846	         9314.3	       0.910959	       0.144947	       0.413664	      0.0160561	  -2.01223e-005	   1.10589e-005	   9.19119e-006
        12.2839	        9315.59	       0.911013	       0.144928	       0.413927	      0.0167443	  -2.39587e-005	   8.72883e-006	   7.01978e-006
        12.3833	        9316.43	       0.911048	       0.144921	       0.414107	      0.0174652	  -2.68374e-005	   5.76893e-006	   4.53795e-006
        12.4825	        9316.78	       0.911062	        0.14492	       0.414184	      0.0182154	  -2.85002e-005	   2.37457e-006	   1.84602e-006
        12.5818	         9316.6	       0.911055	       0.144919	       0.414153	      0.0189725	  -2.87924e-005	  -1.21072e-006	  -9.39665e-007
         12.681	        9315.92	       0.911027	       0.144914	       0.414016	      0.0196951	  -2.76838e-005	  -4.72149e-006	  -3.69536e-006
        12.7803	        9314.76	       0.910978	         0.1449	       0.413785	      0.0203282	  -2.52717e-005	   -7.8998e-006	  -6.29929e-006
        12.8797	        9313.19	       0.910913	       0.144871	       0.413482	      0.0208137	  -2.17696e-005	  -1.05235e-005	   -8.6407e-006
        12.9792	        9311.27	       0.910833	       0.144824	       0.413134	      0.0211044	  -1.74798e-005	  -1.24291e-005	  -1.06276e-005
        13.0789	        9309.09	       0.910742	       0.144756	       0.412772	      0.0211756	  -1.27571e-005	  -1.35269e-005	  -1.21927e-005
        13.1788	        9306.75	       0.910645	       0.144666	       0.412425	      0.0210334	  -7.96864e-006	  -1.38055e-005	  -1.32968e-005
         13.279	        9304.37	       0.910545	       0.144552	       0.412119	      0.0207155	  -3.45354e-006	  -1.33273e-005	  -1.39302e-005
        13.3793	        9302.03	       0.910448	       0.144416	       0.411875	      0.0202847	   5.09356e-007	   -1.2215e-005	  -1.41106e-005
        13.4797	        9299.84	       0.910356	        0.14426	       0.411705	      0.0198169	   3.72427e-006	  -1.06322e-005	  -1.38803e-005
        13.5802	        9297.88	       0.910274	       0.144086	       0.411614	      0.0193858	   6.08822e-006	  -8.76078e-006	  -1.32996e-005
        13.6806	        9296.23	       0.910205	       0.143898	       0.411598	      0.0190494	   7.58819e-006	  -6.77948e-006	  -1.24411e-005
         13.781	        9294.92	        0.91015	       0.143701	       0.411645	        0.01884	   8.28778e-006	   -4.8458e-006	  -1.13823e-005
        13.8812	           9294	       0.910112	       0.143499	       0.411741	      0.0187612	   8.30687e-006	  -3.08353e-006	  -1.01994e-005
        13.9812	        9293.47	        0.91009	       0.143296	       0.411868	       0.018791	   7.79839e-006	  -1.57675e-006	  -8.96209e-006
        14.0812	        9293.33	       0.910084	       0.143098	       0.412007	      0.0188903	   6.92599e-006	  -3.69577e-007	   -7.7304e-006
        14.1811	        9293.55	       0.910093	       0.142909	       0.412142	      0.0190133	   5.84525e-006	   5.29326e-007	  -6.55209e-006
         14.281	        9294.11	       0.910116	       0.142731	        0.41226	       0.019118	   4.69007e-006	    1.1393e-006	  -5.46221e-006
        14.3809	        9294.93	       0.910151	       0.142568	        0.41235	      0.0191738	   3.56475e-006	    1.4988e-006	  -4.48339e-006
        14.4808	        9295.98	       0.910195	       0.142423	       0.412408	      0.0191654	   2.54141e-006	   1.65652e-006	  -3.62709e-006
        14.5808	        9297.18	       0.910245	       0.142295	       0.412432	      0.0190926	   1.66174e-006	   1.66363e-006	   -2.8954e-006
        14.6809	        9298.48	       0.910299	       0.142186	       0.412424	      0.0189671	   9.41833e-007	   1.56793e-006	  -2.28317e-006
         14.781	        9299.82	       0.910355	       0.142096	        0.41239	       0.018807	   3.78559e-007	   1.41004e-006	  -1.78022e-006
        14.8812	        9301.13	        0.91041	       0.142023	       0.412335	      0.0186316	  -4.37362e-008	   1.22163e-006	   -1.3734e-006
        14.9814	        9302.38	       0.910462	       0.141966	       0.412268	      0.0184567	  -3.47294e-007	   1.02528e-006	  -1.04827e-006
        15.0815	        9303.52	        0.91051	       0.141924	       0.412194	      0.0182925	  -5.56296e-007	   8.35453e-007	  -7.90492e-007
        15.1817	        9304.53	       0.910552	       0.141895	       0.412122	      0.0181427	  -6.93687e-007	   6.60038e-007	  -5.86631e-007
        15.2819	        9305.36	       0.910586	       0.141876	       0.412056	      0.0180055	  -7.79348e-007	   5.02014e-007	  -4.24664e-007
         15.382	           9306	       0.910613	       0.141865	       0.412002	      0.0178756	  -8.29303e-007	   3.60981e-007	  -2.94118e-007
        15.4821	        9306.44	       0.910632	        0.14186	       0.411963	      0.0177475	  -8.55605e-007	   2.34385e-007	  -1.85984e-007
        15.5823	        9306.68	       0.910641	       0.141859	       0.411942	      0.0176173	  -8.66594e-007	   1.18418e-007	  -9.24747e-008
        15.6824	        9306.69	       0.910642	       0.141859	       0.411939	      0.0174851	  -8.67256e-007	   8.61872e-009	  -6.69139e-009
        15.7825	         9306.5	       0.910634	       0.141858	       0.411956	      0.0173561	  -8.59528e-007	  -9.97377e-008	   7.77607e-008
        15.8826	        9306.09	       0.910617	       0.141854	        0.41199	      0.0172403	  -8.42452e-007	  -2.11366e-007	    1.6717e-007
        15.9828	        9305.48	       0.910591	       0.141844	        0.41204	       0.017152	  -8.12132e-007	  -3.30718e-007	   2.68119e-007
        16.0828	        9304.68	       0.910558	       0.141827	       0.412103	      0.0171078	  -7.61536e-007	  -4.61642e-007	    3.8786e-007
        16.1829	        9303.72	       0.910518	       0.141799	       0.412174	      0.0171234	  -6.80207e-007	  -6.06876e-007	   5.34656e-007
        16.2829	        9302.61	       0.910472	        0.14176	       0.412247	      0.0172106	  -5.54047e-007	  -7.67281e-007	   7.18039e-007
        16.3828	        9301.39	       0.910421	       0.141706	       0.412317	      0.0173744	  -3.65362e-007	  -9.40791e-007	    9.4895e-007
        16.4826	         9300.1	       0.910367	       0.141637	       0.412376	      0.0176102	  -9.34607e-008	  -1.12109e-006	    1.2397e-006
        16.5824	        9298.79	       0.910312	       0.141551	       0.412416	      0.0179039	    2.8392e-007	  -1.29613e-006	   1.60367e-006
        16.6821	         9297.5	       0.910258	       0.141447	       0.412433	      0.0182321	   7.88056e-007	  -1.44667e-006	    2.0547e-006
        16.7818	         9296.3	       0.910208	       0.141324	       0.412419	      0.0185661	   1.43538e-006	   -1.5452e-006	   2.60609e-006
        16.8814	        9295.24	       0.910164	       0.141184	       0.412373	      0.0188773	   2.23233e-006	  -1.55565e-006	    3.2691e-006
        16.9811	        9294.39	       0.910128	       0.141026	       0.412294	      0.0191427	   3.16924e-006	  -1.43445e-006	   4.05118e-006
        17.0809	         9293.8	       0.910104	       0.140854	       0.412187	      0.0193506	   4.21386e-006	  -1.13334e-006	   4.95366e-006
        17.1806	        9293.53	       0.910092	       0.140669	        0.41206	      0.0195047	   5.30589e-006	  -6.04289e-007	   5.96942e-006
        17.2805	         9293.6	       0.910095	       0.140475	       0.411924	       0.019624	   6.35366e-006	   1.93486e-007	   7.08063e-006
        17.3804	        9294.06	       0.910115	       0.140276	       0.411796	      0.0197396	   7.23496e-006	   1.28488e-006	    8.2571e-006
        17.4803	        9294.91	        0.91015	       0.140077	       0.411692	      0.0198888	   7.80317e-006	   2.66974e-006	    9.4555e-006
        17.5801	        9296.14	       0.910201	       0.139881	       0.411631	       0.020106	    7.8994e-006	   4.31479e-006	     1.062e-005
        17.6799	        9297.73	       0.910268	       0.139694	       0.411629	      0.0204157	   7.37022e-006	   6.14841e-006	   1.16844e-005
        17.7796	        9299.62	       0.910347	        0.13952	       0.411697	      0.0208268	   6.08901e-006	   8.05993e-006	   1.25758e-005
        17.8792	        9301.75	       0.910436	       0.139362	       0.411842	      0.0213313	   3.97834e-006	   9.90449e-006	    1.3219e-005
        17.9787	        9304.05	       0.910532	       0.139224	       0.412062	      0.0219086	   1.02984e-006	   1.15137e-005	   1.35427e-005
        18.0781	        9306.41	        0.91063	       0.139108	       0.412348	      0.0225317	   -2.6817e-006	    1.2711e-005	   1.34844e-005
        18.1775	        9308.74	       0.910727	       0.139014	       0.412681	      0.0231763	  -6.99273e-006	   1.33316e-005	   1.29971e-005
        18.2768	        9310.93	       0.910819	       0.138943	       0.413038	      0.0238271	  -1.16559e-005	   1.32423e-005	   1.20537e-005
        18.3762	        9312.89	         0.9109	       0.138894	       0.413389	       0.024482	  -1.63566e-005	   1.23617e-005	   1.06519e-005
        18.4755	        9314.52	       0.910968	       0.138862	       0.413706	      0.0251492	  -2.07402e-005	    1.0676e-005	   8.81711e-006
        18.5749	        9315.74	       0.911019	       0.138846	       0.413958	      0.0258416	  -2.44482e-005	    8.2471e-006	   6.60289e-006
        18.6742	         9316.5	       0.911051	        0.13884	       0.414124	       0.026567	  -2.71587e-005	     5.213e-006	   4.08962e-006
        18.7734	        9316.76	       0.911061	       0.138839	       0.414186	      0.0273197	  -2.86261e-005	   1.77662e-006	   1.37981e-006
        18.8727	         9316.5	       0.911051	       0.138839	       0.414139	      0.0280748	  -2.87115e-005	  -1.81408e-006	  -1.40894e-006
        18.9719	        9315.73	       0.911019	       0.138832	       0.413988	      0.0287884	  -2.74019e-005	  -5.29294e-006	  -4.15263e-006
        19.0712	         9314.5	       0.910967	       0.138816	       0.413745	      0.0294042	  -2.48113e-005	  -8.40517e-006	  -6.73026e-006
        19.1706	        9312.86	       0.910899	       0.138784	       0.413433	      0.0298651	   -2.1167e-005	  -1.09351e-005	  -9.03282e-006
        19.2701	        9310.88	       0.910817	       0.138734	       0.413081	      0.0301261	   -1.6781e-005	  -1.27284e-005	  -1.09708e-005
        19.3699	        9308.67	       0.910724	       0.138662	       0.412718	      0.0301666	  -1.20129e-005	  -1.37056e-005	  -1.24799e-005
        19.4698	        9306.32	       0.910626	       0.138568	       0.412374	      0.0299972	  -7.22899e-006	  -1.38657e-005	  -1.35243e-005
          19.57	        9303.93	       0.910527	        0.13845	       0.412076	      0.0296597	  -2.76296e-006	  -1.32805e-005	  -1.40974e-005
        19.6703	         9301.6	        0.91043	        0.13831	       0.411841	      0.0292195	   1.11567e-006	  -1.20798e-005	  -1.42203e-005
        19.7708	        9299.44	       0.910339	        0.13815	       0.411682	      0.0287533	   4.22268e-006	  -1.04316e-005	  -1.39375e-005
        19.8712	        9297.53	       0.910259	       0.137973	       0.411601	      0.0283332	   6.46734e-006	  -8.51947e-006	  -1.33114e-005
        19.9717	        9295.92	       0.910192	       0.137783	       0.411594	      0.0280138	     7.848e-006	  -6.52107e-006	  -1.24158e-005
         20.072	        9294.67	        0.91014	       0.137584	        0.41165	      0.0278234	    8.4376e-006	   -4.5907e-006	  -1.13284e-005
        20.1722	        9293.81	       0.910104	       0.137381	       0.411752	      0.0277613	   8.36268e-006	   -2.8477e-006	  -1.01252e-005
        20.2722	        9293.35	       0.910085	       0.137178	       0.411882	      0.0278026	    7.7799e-006	  -1.37106e-006	   -8.8755e-006
        20.3722	        9293.27	       0.910082	        0.13698	       0.412023	      0.0279064	   6.85399e-006	  -1.99987e-007	  -7.63797e-006
        20.4721	        9293.56	       0.910093	       0.136792	       0.412157	      0.0280267	   5.73942e-006	   6.61202e-007	  -6.45923e-006
         20.572	        9294.16	       0.910119	       0.136616	       0.412272	      0.0281229	   4.56742e-006	   1.23524e-006	  -5.37303e-006
        20.6719	        9295.03	       0.910155	       0.136455	       0.412359	      0.0281665	   3.43877e-006	   1.56291e-006	  -4.40075e-006
        20.7718	        9296.11	         0.9102	       0.136312	       0.412413	      0.0281447	   2.42176e-006	    1.6942e-006	  -3.55272e-006
        20.8719	        9297.34	       0.910252	       0.136187	       0.412433	      0.0280596	   1.55451e-006	   1.68067e-006	  -2.83007e-006
        20.9719	        9298.66	       0.910306	       0.136081	       0.412421	      0.0279242	   8.50048e-007	   1.56984e-006	  -2.22689e-006
        21.0721	           9300	       0.910363	       0.135993	       0.412384	      0.0277574	   3.02957e-007	   1.40161e-006	  -1.73248e-006
        21.1722	        9301.31	       0.910417	       0.135923	       0.412327	      0.0275783	  -1.03985e-007	   1.20669e-006	  -1.33331e-006
        21.2724	        9302.55	       0.910469	       0.135869	       0.412258	      0.0274022	  -3.93913e-007	    1.0067e-006	   -1.0148e-006
        21.3726	        9303.67	       0.910516	       0.135829	       0.412184	      0.0272382	   -5.9138e-007	   8.15233e-007	  -7.62535e-007
        21.4728	        9304.65	       0.910557	       0.135801	       0.412112	       0.027089	  -7.19337e-007	   6.39438e-007	  -5.63124e-007
        21.5729	        9305.45	        0.91059	       0.135784	       0.412048	      0.0269522	  -7.97447e-007	   4.81737e-007	  -4.04624e-007
         21.673	        9306.07	       0.910616	       0.135774	       0.411995	      0.0268223	  -8.41396e-007	   3.41327e-007	  -2.76661e-007
        21.7732	        9306.47	       0.910633	        0.13577	       0.411959	      0.0266937	  -8.62862e-007	   2.15385e-007	  -1.70326e-007
        21.8733	        9306.67	       0.910641	       0.135769	        0.41194	      0.0265629	  -8.69801e-007	   9.99344e-008	  -7.79092e-008
        21.9734	        9306.65	        0.91064	       0.135769	        0.41194	      0.0264307	  -8.66829e-007	  -9.57544e-009	   7.43422e-009
        22.0736	        9306.42	       0.910631	       0.135767	        0.41196	       0.026303	  -8.55527e-007	  -1.17897e-007	   9.20751e-008
        22.1737	        9305.98	       0.910612	       0.135762	       0.411996	      0.0261904	  -8.34583e-007	   -2.2972e-007	    1.8231e-007
        22.2738	        9305.34	       0.910585	       0.135752	       0.412048	      0.0261078	  -7.99745e-007	  -3.49411e-007	   2.84756e-007
        22.3739	        9304.51	       0.910551	       0.135733	       0.412112	      0.0260715	  -7.43622e-007	  -4.80662e-007	    4.0673e-007
        22.4739	        9303.52	        0.91051	       0.135704	       0.412184	      0.0260967	   -6.5541e-007	  -6.25963e-007	   5.56574e-007
        22.5739	         9302.4	       0.910463	       0.135662	       0.412257	      0.0261943	  -5.20703e-007	  -7.85808e-007	   7.43906e-007
        22.6738	        9301.17	       0.910411	       0.135606	       0.412325	       0.026368	  -3.21611e-007	   -9.5763e-007	   9.79743e-007
        22.7736	        9299.88	       0.910357	       0.135535	       0.412382	      0.0266118	  -3.74362e-008	  -1.13446e-006	   1.27644e-006
        22.8734	        9298.57	       0.910303	       0.135446	        0.41242	      0.0269101	   3.53773e-007	  -1.30347e-006	   1.64735e-006
        22.9731	         9297.3	        0.91025	       0.135339	       0.412432	      0.0272387	   8.72533e-007	  -1.44454e-006	   2.10621e-006
        23.0728	        9296.12	         0.9102	       0.135214	       0.412415	       0.027569	   1.53394e-006	  -1.52928e-006	   2.66603e-006
        23.1724	         9295.1	       0.910158	       0.135071	       0.412365	       0.027873	   2.34241e-006	  -1.52092e-006	   3.33766e-006
        23.2721	        9294.29	       0.910124	       0.134912	       0.412282	      0.0281293	   3.28553e-006	  -1.37552e-006	   4.12788e-006
        23.3719	        9293.75	       0.910102	       0.134738	       0.412173	      0.0283288	   4.32776e-006	  -1.04503e-006	   5.03713e-006
        23.4717	        9293.53	       0.910092	       0.134552	       0.412044	      0.0284773	   5.40509e-006	  -4.82453e-007	   6.05718e-006
        23.5715	        9293.67	       0.910098	       0.134357	       0.411909	      0.0285961	    6.4223e-006	   3.50922e-007	   7.16892e-006
        23.6714	         9294.2	        0.91012	       0.134159	       0.411784	      0.0287176	   7.25435e-006	   1.47684e-006	    8.3408e-006
        23.7713	        9295.11	       0.910158	        0.13396	       0.411686	      0.0288787	   7.75325e-006	   2.89102e-006	   9.52818e-006
        23.8711	        9296.39	       0.910212	       0.133766	       0.411633	      0.0291128	   7.76086e-006	   4.55539e-006	   1.06742e-005
        23.9709	        9298.03	        0.91028	       0.133581	        0.41164	      0.0294418	   7.12715e-006	   6.39341e-006	   1.17119e-005
        24.0706	        9299.96	       0.910361	        0.13341	       0.411719	      0.0298719	   5.73169e-006	   8.29003e-006	   1.25682e-005
        24.1701	        9302.12	       0.910451	       0.133256	       0.411874	      0.0303926	   3.50581e-006	   1.00973e-005	   1.31684e-005
        24.2696	        9304.43	       0.910548	       0.133122	       0.412103	      0.0309817	   4.51768e-007	   1.16455e-005	   1.34421e-005
         24.369	        9306.79	       0.910646	        0.13301	       0.412396	       0.031612	   -3.3441e-006	   1.27594e-005	   1.33286e-005
        24.4684	         9309.1	       0.910742	        0.13292	       0.412733	      0.0322599	  -7.70709e-006	   1.32779e-005	   1.27829e-005
        24.5677	        9311.26	       0.910832	       0.132853	        0.41309	      0.0329123	  -1.23805e-005	   1.30742e-005	   1.17806e-005
        24.6671	        9313.17	       0.910912	       0.132807	       0.413438	      0.0335687	  -1.70433e-005	   1.20754e-005	   1.03226e-005
        24.7664	        9314.73	       0.910977	       0.132778	       0.413746	      0.0342387	  -2.13391e-005	   1.02775e-005	   8.43733e-006
        24.8658	        9315.88	       0.911025	       0.132764	       0.413987	      0.0349353	  -2.49126e-005	   7.75299e-006	   6.18156e-006
        24.9651	        9316.56	       0.911053	       0.132759	       0.414139	       0.035665	  -2.74504e-005	   4.64899e-006	   3.63841e-006
        25.0643	        9316.72	        0.91106	       0.132759	       0.414186	      0.0364197	  -2.87198e-005	   1.17568e-006	   9.12453e-007
