	IST       	p       	i       	omega      	e       	w       	S       	T       	W       	
              0	        9316.77	       0.911062	        0.15708	       0.414174	              0	             -0	  -5.20988e-009	              0
            0.1	        9316.77	       0.911062	        0.15708	       0.414173	  -5.69785e-009	  -1.52487e-010	  -5.20765e-009	              0
            0.2	        9316.77	       0.911062	        0.15708	       0.414173	  -1.72431e-008	  -3.04396e-010	  -5.20098e-009	              0
            0.3	        9316.77	       0.911062	        0.15708	       0.414173	  -3.49383e-008	  -4.55145e-010	  -5.18997e-009	              0
            0.4	        9316.76	       0.911062	        0.15708	       0.414173	  -5.92459e-008	  -6.04147e-010	  -5.17474e-009	              0
            0.5	        9316.76	       0.911062	        0.15708	       0.414173	  -9.07983e-008	  -7.50806e-010	   -5.1555e-009	              0
            0.6	        9316.76	       0.911062	        0.15708	       0.414173	  -1.30412e-007	  -8.94515e-010	  -5.13252e-009	              0
            0.7	        9316.76	       0.911062	        0.15708	       0.414173	  -1.79103e-007	  -1.03465e-009	  -5.10611e-009	              0
            0.8	        9316.76	       0.911062	        0.15708	       0.414173	   -2.3811e-007	  -1.17056e-009	  -5.07668e-009	              0
            0.9	        9316.76	       0.911062	        0.15708	       0.414173	   -3.0891e-007	  -1.30157e-009	  -5.04468e-009	              0
              1	        9316.76	       0.911062	        0.15708	       0.414172	  -3.93248e-007	  -1.42696e-009	  -5.01066e-009	              0
            1.1	        9316.76	       0.911062	        0.15708	       0.414172	  -4.93155e-007	  -1.54598e-009	  -4.97522e-009	              0
            1.2	        9316.76	       0.911062	        0.15708	       0.414172	  -6.10968e-007	  -1.65781e-009	  -4.93909e-009	              0
            1.3	        9316.75	       0.911062	        0.15708	       0.414172	  -7.49335e-007	  -1.76154e-009	  -4.90305e-009	              0
            1.4	        9316.75	       0.911062	        0.15708	       0.414172	  -9.11216e-007	  -1.85619e-009	    -4.868e-009	              0
            1.5	        9316.75	       0.911062	        0.15708	       0.414172	  -1.09985e-006	  -1.94063e-009	  -4.83496e-009	              0
            1.6	        9316.75	       0.911062	        0.15708	       0.414172	  -1.31866e-006	  -2.01361e-009	  -4.80503e-009	              0
            1.7	        9316.75	       0.911062	        0.15708	       0.414172	  -1.57119e-006	  -2.07366e-009	  -4.77942e-009	              0
            1.8	        9316.74	       0.911062	        0.15708	       0.414172	   -1.8608e-006	  -2.11909e-009	  -4.75945e-009	              0
            1.9	        9316.74	       0.911062	        0.15708	       0.414172	  -2.19041e-006	   -2.1479e-009	  -4.74651e-009	              0
              2	        9316.74	       0.911062	        0.15708	       0.414172	  -2.56205e-006	  -2.15778e-009	  -4.74203e-009	              0
            2.1	        9316.73	       0.911062	        0.15708	       0.414172	  -2.97615e-006	  -2.14598e-009	  -4.74739e-009	              0
            2.2	        9316.73	       0.911062	        0.15708	       0.414172	  -3.43083e-006	  -2.10931e-009	  -4.76379e-009	              0
            2.3	        9316.72	       0.911062	        0.15708	       0.414172	  -3.92088e-006	  -2.04413e-009	  -4.79212e-009	              0
            2.4	        9316.72	       0.911062	        0.15708	       0.414172	  -4.43676e-006	  -1.94641e-009	  -4.83264e-009	              0
            2.5	        9316.71	       0.911062	        0.15708	       0.414172	  -4.96368e-006	  -1.81199e-009	  -4.88463e-009	              0
            2.6	         9316.7	       0.911062	        0.15708	       0.414173	  -5.48114e-006	  -1.63696e-009	  -4.94603e-009	              0
        2.70001	         9316.7	       0.911062	        0.15708	       0.414173	  -5.96326e-006	  -1.41849e-009	  -5.01306e-009	              0
        2.80001	        9316.69	       0.911062	        0.15708	       0.414174	  -6.38041e-006	  -1.15589e-009	  -5.08004e-009	              0
        2.90001	        9316.68	       0.911062	        0.15708	       0.414174	   -6.7023e-006	  -8.51864e-010	  -5.13977e-009	              0
        3.00001	        9316.67	       0.911062	        0.15708	       0.414175	  -6.90247e-006	  -5.13604e-010	  -5.18451e-009	              0
        3.10001	        9316.66	       0.911062	        0.15708	       0.414176	  -6.96298e-006	  -1.52972e-010	  -5.20764e-009	              0
        3.20001	        9316.65	       0.911062	        0.15708	       0.414176	   -6.8782e-006	   2.14598e-010	  -5.20546e-009	              0
        3.30001	        9316.64	       0.911062	        0.15708	       0.414177	  -6.65601e-006	   5.72476e-010	  -5.17834e-009	              0
        3.40001	        9316.63	       0.911062	        0.15708	       0.414177	  -6.31607e-006	   9.05688e-010	  -5.13056e-009	              0
        3.50001	        9316.62	       0.911062	        0.15708	       0.414178	  -5.88584e-006	   1.20312e-009	  -5.06906e-009	              0
        3.60001	        9316.61	       0.911062	        0.15708	       0.414178	  -5.39577e-006	   1.45838e-009	   -5.0016e-009	              0
        3.70001	         9316.6	       0.911062	        0.15708	       0.414179	  -4.87505e-006	   1.66942e-009	  -4.93517e-009	              0
            3.8	         9316.6	       0.911062	        0.15708	       0.414179	  -4.34871e-006	   1.83739e-009	  -4.87513e-009	              0
            3.9	        9316.59	       0.911062	        0.15708	       0.414179	   -3.8363e-006	   1.96535e-009	  -4.82497e-009	              0
              4	        9316.58	       0.911062	        0.15708	       0.414179	  -3.35167e-006	    2.0573e-009	  -4.78648e-009	              0
            4.1	        9316.58	       0.911062	        0.15708	       0.414179	  -2.90356e-006	   2.11741e-009	   -4.7602e-009	              0
            4.2	        9316.58	       0.911062	        0.15708	       0.414179	  -2.49655e-006	   2.14965e-009	  -4.74572e-009	              0
            4.3	        9316.57	       0.911062	        0.15708	       0.414179	  -2.13208e-006	    2.1576e-009	  -4.74212e-009	              0
            4.4	        9316.57	       0.911062	        0.15708	       0.414179	  -1.80937e-006	   2.14435e-009	  -4.74812e-009	              0
            4.5	        9316.57	       0.911062	        0.15708	       0.414179	  -1.52623e-006	   2.11258e-009	  -4.76234e-009	              0
            4.6	        9316.57	       0.911062	        0.15708	       0.414179	  -1.27963e-006	   2.06457e-009	  -4.78335e-009	              0
            4.7	        9316.56	       0.911062	        0.15708	       0.414179	  -1.06615e-006	   2.00223e-009	  -4.80978e-009	              0
            4.8	        9316.56	       0.911062	        0.15708	       0.414179	   -8.8226e-007	   1.92723e-009	  -4.84032e-009	              0
            4.9	        9316.56	       0.911062	        0.15708	       0.414179	  -7.24559e-007	   1.84098e-009	  -4.87378e-009	              0
              5	        9316.56	       0.911062	        0.15708	       0.414179	  -5.89854e-007	   1.74473e-009	  -4.90905e-009	              0
            5.1	        9316.56	       0.911062	        0.15708	       0.414179	  -4.75235e-007	   1.63956e-009	  -4.94517e-009	              0
            5.2	        9316.56	       0.911062	        0.15708	       0.414179	  -3.78105e-007	   1.52647e-009	  -4.98124e-009	              0
            5.3	        9316.56	       0.911062	        0.15708	       0.414179	  -2.96182e-007	   1.40632e-009	  -5.01649e-009	              0
            5.4	        9316.55	       0.911062	        0.15708	       0.414178	  -2.27483e-007	   1.27992e-009	  -5.05022e-009	              0
            5.5	        9316.55	       0.911062	        0.15708	       0.414178	   -1.7031e-007	   1.14804e-009	  -5.08182e-009	              0
            5.6	        9316.55	       0.911062	        0.15708	       0.414178	  -1.23228e-007	   1.01137e-009	  -5.11077e-009	              0
            5.7	        9316.55	       0.911062	        0.15708	       0.414178	  -8.50375e-008	   8.70591e-010	  -5.13663e-009	              0
            5.8	        9316.55	       0.911062	        0.15708	       0.414178	  -5.47567e-008	   7.26342e-010	    -5.159e-009	              0
            5.9	        9316.55	       0.911062	        0.15708	       0.414178	  -3.16017e-008	   5.79245e-010	  -5.17758e-009	              0
              6	        9316.55	       0.911062	        0.15708	       0.414178	  -1.49693e-008	   4.29906e-010	  -5.19212e-009	              0
            6.1	        9316.55	       0.911062	        0.15708	       0.414178	  -4.42475e-009	    2.7892e-010	  -5.20241e-009	              0
            6.2	        9316.55	       0.911062	        0.15708	       0.414177	   3.08412e-010	   1.26873e-010	  -5.20834e-009	              0
            6.3	        9316.55	       0.911062	        0.15708	       0.414177	  -6.45558e-010	  -2.56562e-011	  -5.20982e-009	              0
            6.4	        9316.55	       0.911062	        0.15708	       0.414177	  -7.31171e-009	  -1.78088e-010	  -5.20684e-009	              0
            6.5	        9316.55	       0.911062	        0.15708	       0.414177	   -1.9865e-008	  -3.29843e-010	  -5.19943e-009	              0
            6.6	        9316.54	       0.911062	        0.15708	       0.414177	  -3.86343e-008	   -4.8034e-010	  -5.18769e-009	              0
            6.7	        9316.54	       0.911062	        0.15708	       0.414177	  -6.41096e-008	  -6.28992e-010	  -5.17178e-009	              0
            6.8	        9316.54	       0.911062	        0.15708	       0.414177	  -9.69535e-008	  -7.75199e-010	  -5.15189e-009	              0
            6.9	        9316.54	       0.911062	        0.15708	       0.414177	  -1.38014e-007	  -9.18352e-010	  -5.12831e-009	              0
              7	        9316.54	       0.911062	        0.15708	       0.414177	  -1.88345e-007	  -1.05782e-009	  -5.10136e-009	              0
            7.1	        9316.54	       0.911062	        0.15708	       0.414176	  -2.49221e-007	  -1.19296e-009	  -5.07146e-009	              0
            7.2	        9316.54	       0.911062	        0.15708	       0.414176	  -3.22164e-007	  -1.32307e-009	  -5.03908e-009	              0
            7.3	        9316.54	       0.911062	        0.15708	       0.414176	  -4.08966e-007	  -1.44745e-009	  -5.00478e-009	              0
            7.4	        9316.54	       0.911062	        0.15708	       0.414176	  -5.11706e-007	  -1.56532e-009	  -4.96917e-009	              0
            7.5	        9316.54	       0.911062	        0.15708	       0.414176	  -6.32775e-007	  -1.67585e-009	  -4.93299e-009	              0
            7.6	        9316.53	       0.911062	        0.15708	       0.414176	  -7.74874e-007	  -1.77813e-009	  -4.89705e-009	              0
            7.7	        9316.53	       0.911062	        0.15708	       0.414176	  -9.41011e-007	  -1.87115e-009	  -4.86227e-009	              0
            7.8	        9316.53	       0.911062	        0.15708	       0.414176	  -1.13446e-006	  -1.95376e-009	  -4.82967e-009	              0
            7.9	        9316.53	       0.911062	        0.15708	       0.414176	  -1.35869e-006	  -2.02467e-009	  -4.80038e-009	              0
              8	        9316.53	       0.911062	        0.15708	       0.414176	  -1.61721e-006	  -2.08239e-009	  -4.77562e-009	              0
            8.1	        9316.52	       0.911062	        0.15708	       0.414176	  -1.91335e-006	  -2.12517e-009	  -4.75674e-009	              0
            8.2	        9316.52	       0.911062	        0.15708	       0.414175	  -2.24991e-006	  -2.15098e-009	  -4.74512e-009	              0
            8.3	        9316.52	       0.911062	        0.15708	       0.414175	  -2.62869e-006	  -2.15741e-009	   -4.7422e-009	              0
            8.4	        9316.51	       0.911062	        0.15708	       0.414176	  -3.04981e-006	  -2.14167e-009	  -4.74933e-009	              0
            8.5	        9316.51	       0.911062	        0.15708	       0.414176	  -3.51089e-006	  -2.10047e-009	   -4.7677e-009	              0
            8.6	         9316.5	       0.911062	        0.15708	       0.414176	  -4.00606e-006	  -2.03011e-009	  -4.79808e-009	              0
            8.7	         9316.5	       0.911062	        0.15708	       0.414176	  -4.52496e-006	  -1.92651e-009	   -4.8406e-009	              0
            8.8	        9316.49	       0.911062	        0.15708	       0.414176	  -5.05186e-006	  -1.78551e-009	  -4.89437e-009	              0
        8.90001	        9316.48	       0.911062	        0.15708	       0.414177	   -5.5653e-006	  -1.60334e-009	  -4.95704e-009	              0
        9.00001	        9316.47	       0.911062	        0.15708	       0.414177	  -6.03862e-006	  -1.37742e-009	   -5.0245e-009	              0
        9.10001	        9316.47	       0.911062	        0.15708	       0.414178	  -6.44181e-006	  -1.10754e-009	   -5.0908e-009	              0
        9.20001	        9316.46	       0.911062	        0.15708	       0.414178	   -6.7449e-006	  -7.97126e-010	  -5.14854e-009	              0
        9.30001	        9316.45	       0.911062	        0.15708	       0.414179	  -6.92253e-006	  -4.54151e-010	  -5.19005e-009	              0
        9.40001	        9316.43	       0.911062	        0.15708	        0.41418	  -6.95864e-006	   -9.1199e-011	  -5.20909e-009	              0
        9.50001	        9316.42	       0.911062	        0.15708	        0.41418	  -6.84986e-006	   2.75899e-010	  -5.20257e-009	              0
        9.60001	        9316.41	       0.911062	        0.15708	       0.414181	  -6.60623e-006	   6.30598e-010	  -5.17158e-009	              0
        9.70001	         9316.4	       0.911062	        0.15708	       0.414181	  -6.24905e-006	    9.5845e-010	  -5.12096e-009	              0
        9.80001	         9316.4	       0.911062	        0.15708	       0.414182	  -5.80663e-006	   1.24911e-009	  -5.05793e-009	              0
        9.90001	        9316.39	       0.911062	        0.15708	       0.414182	  -5.30947e-006	   1.49698e-009	  -4.99018e-009	              0
             10	        9316.38	       0.911062	        0.15708	       0.414183	  -4.78621e-006	   1.70063e-009	   -4.9245e-009	              0
           10.1	        9316.37	       0.911062	        0.15708	       0.414183	  -4.26102e-006	   1.86162e-009	  -4.86593e-009	              0
           10.2	        9316.37	       0.911062	        0.15708	       0.414183	  -3.75249e-006	   1.98324e-009	  -4.81764e-009	              0
           10.3	        9316.36	       0.911062	        0.15708	       0.414183	  -3.27353e-006	   2.06954e-009	   -4.7812e-009	              0
           10.4	        9316.36	       0.911062	        0.15708	       0.414183	  -2.83213e-006	    2.1247e-009	  -4.75695e-009	              0
           10.5	        9316.36	       0.911062	        0.15708	       0.414183	  -2.43226e-006	   2.15262e-009	  -4.74438e-009	              0
           10.6	        9316.35	       0.911062	        0.15708	       0.414183	  -2.07493e-006	   2.15679e-009	  -4.74248e-009	              0
           10.7	        9316.35	       0.911062	        0.15708	       0.414183	  -1.75907e-006	   2.14026e-009	  -4.74997e-009	              0
           10.8	        9316.35	       0.911062	        0.15708	       0.414183	  -1.48232e-006	   2.10561e-009	  -4.76543e-009	              0
           10.9	        9316.34	       0.911062	        0.15708	       0.414183	  -1.24154e-006	   2.05506e-009	  -4.78745e-009	              0
             11	        9316.34	       0.911062	        0.15708	       0.414183	  -1.03329e-006	   1.99048e-009	  -4.81465e-009	              0
           11.1	        9316.34	       0.911062	        0.15708	       0.414183	  -8.54046e-007	   1.91349e-009	  -4.84577e-009	              0
           11.2	        9316.34	       0.911062	        0.15708	       0.414183	  -7.00436e-007	   1.82548e-009	   -4.8796e-009	              0
           11.3	        9316.34	       0.911062	        0.15708	       0.414183	   -5.6931e-007	   1.72765e-009	  -4.91509e-009	              0
           11.4	        9316.34	       0.911062	        0.15708	       0.414183	   -4.5781e-007	   1.62109e-009	  -4.95126e-009	              0
           11.5	        9316.34	       0.911062	        0.15708	       0.414182	  -3.63394e-007	   1.50674e-009	  -4.98725e-009	              0
           11.6	        9316.33	       0.911062	        0.15708	       0.414182	  -2.83828e-007	   1.38549e-009	  -5.02228e-009	              0
           11.7	        9316.33	       0.911062	        0.15708	       0.414182	  -2.17182e-007	   1.25812e-009	  -5.05569e-009	              0
           11.8	        9316.33	       0.911062	        0.15708	       0.414182	  -1.61803e-007	   1.12538e-009	  -5.08689e-009	              0
           11.9	        9316.33	       0.911062	        0.15708	       0.414182	  -1.16296e-007	   9.87976e-010	  -5.11535e-009	              0
             12	        9316.33	       0.911062	        0.15708	       0.414182	  -7.95004e-008	   8.46567e-010	  -5.14064e-009	              0
           12.1	        9316.33	       0.911062	        0.15708	       0.414182	  -5.04691e-008	   7.01795e-010	   -5.1624e-009	              0
           12.2	        9316.33	       0.911062	        0.15708	       0.414182	  -2.84494e-008	   5.54278e-010	  -5.18032e-009	              0
           12.3	        9316.33	       0.911062	        0.15708	       0.414182	  -1.28675e-008	    4.0462e-010	  -5.19415e-009	              0
           12.4	        9316.33	       0.911062	        0.15708	       0.414181	  -3.31573e-009	   2.53414e-010	  -5.20372e-009	              0
           12.5	        9316.33	       0.911062	        0.15708	       0.414181	   4.56345e-010	   1.01244e-010	   -5.2089e-009	              0
           12.6	        9316.33	       0.911062	        0.15708	       0.414181	   -1.4522e-009	  -5.13099e-011	  -5.20963e-009	              0
           12.7	        9316.33	       0.911062	        0.15708	       0.414181	   -9.0915e-009	  -2.03669e-010	   -5.2059e-009	              0
           12.8	        9316.32	       0.911062	        0.15708	       0.414181	   -2.2662e-008	  -3.55255e-010	  -5.19776e-009	              0
           12.9	        9316.32	       0.911062	        0.15708	       0.414181	   -4.2519e-008	  -5.05484e-010	   -5.1853e-009	              0
             13	        9316.32	       0.911062	        0.15708	       0.414181	  -6.91808e-008	  -6.53768e-010	   -5.1687e-009	              0
           13.1	        9316.32	       0.911062	        0.15708	       0.414181	   -1.0334e-007	  -7.99505e-010	  -5.14817e-009	              0
           13.2	        9316.32	       0.911062	        0.15708	        0.41418	  -1.45878e-007	  -9.42084e-010	    -5.124e-009	              0
           13.3	        9316.32	       0.911062	        0.15708	        0.41418	  -1.97883e-007	  -1.08087e-009	  -5.09653e-009	              0
           13.4	        9316.32	       0.911062	        0.15708	        0.41418	  -2.60671e-007	  -1.21521e-009	  -5.06618e-009	              0
           13.5	        9316.32	       0.911062	        0.15708	        0.41418	  -3.35808e-007	  -1.34442e-009	  -5.03343e-009	              0
           13.6	        9316.32	       0.911062	        0.15708	        0.41418	  -4.25131e-007	  -1.46776e-009	  -4.99886e-009	              0
           13.7	        9316.32	       0.911062	        0.15708	        0.41418	  -5.30773e-007	  -1.58446e-009	   -4.9631e-009	              0
           13.8	        9316.31	       0.911062	        0.15708	        0.41418	  -6.55173e-007	  -1.69367e-009	   -4.9269e-009	              0
           13.9	        9316.31	       0.911062	        0.15708	        0.41418	  -8.01089e-007	  -1.79446e-009	  -4.89109e-009	              0
             14	        9316.31	       0.911062	        0.15708	        0.41418	  -9.71575e-007	  -1.88581e-009	   -4.8566e-009	              0
           14.1	        9316.31	       0.911062	        0.15708	        0.41418	  -1.16995e-006	  -1.96655e-009	  -4.82447e-009	              0
           14.2	        9316.31	       0.911062	        0.15708	       0.414179	  -1.39969e-006	  -2.03536e-009	  -4.79585e-009	              0
           14.3	        9316.31	       0.911062	        0.15708	       0.414179	  -1.66429e-006	  -2.09069e-009	  -4.77199e-009	              0
           14.4	         9316.3	       0.911062	        0.15708	       0.414179	  -1.96704e-006	  -2.13078e-009	  -4.75423e-009	              0
           14.5	         9316.3	       0.911062	        0.15708	       0.414179	  -2.31059e-006	  -2.15351e-009	  -4.74398e-009	              0
           14.6	         9316.3	       0.911062	        0.15708	       0.414179	  -2.69652e-006	  -2.15642e-009	  -4.74265e-009	              0
           14.7	        9316.29	       0.911062	        0.15708	       0.414179	  -3.12459e-006	  -2.13664e-009	   -4.7516e-009	              0
           14.8	        9316.29	       0.911062	        0.15708	       0.414179	  -3.59191e-006	  -2.09081e-009	  -4.77194e-009	              0
           14.9	        9316.28	       0.911062	        0.15708	        0.41418	  -4.09191e-006	  -2.01515e-009	  -4.80438e-009	              0
             15	        9316.28	       0.911062	        0.15708	        0.41418	  -4.61339e-006	  -1.90555e-009	  -4.84889e-009	              0
           15.1	        9316.27	       0.911062	        0.15708	        0.41418	  -5.13967e-006	  -1.75787e-009	  -4.90436e-009	              0
           15.2	        9316.26	       0.911062	        0.15708	       0.414181	  -5.64833e-006	  -1.56847e-009	  -4.96818e-009	              0
           15.3	        9316.25	       0.911062	        0.15708	       0.414181	  -6.11199e-006	  -1.33509e-009	  -5.03591e-009	              0
           15.4	        9316.24	       0.911062	        0.15708	       0.414182	  -6.50037e-006	  -1.05804e-009	  -5.10132e-009	              0
           15.5	        9316.23	       0.911062	        0.15708	       0.414182	  -6.78393e-006	  -7.41456e-010	  -5.15685e-009	              0
           15.6	        9316.22	       0.911062	        0.15708	       0.414183	  -6.93857e-006	  -3.94123e-010	  -5.19496e-009	              0
           15.7	        9316.21	       0.911062	        0.15708	       0.414183	  -6.95018e-006	  -2.93055e-011	   -5.2098e-009	              0
           15.8	         9316.2	       0.911062	        0.15708	       0.414184	  -6.81767e-006	   3.36847e-010	  -5.19898e-009	              0
           15.9	        9316.19	       0.911062	        0.15708	       0.414185	  -6.55322e-006	   6.87953e-010	  -5.16426e-009	              0
             16	        9316.18	       0.911062	        0.15708	       0.414185	  -6.17962e-006	   1.01015e-009	  -5.11102e-009	              0
           16.1	        9316.17	       0.911062	        0.15708	       0.414186	  -5.72589e-006	   1.29389e-009	  -5.04666e-009	              0
           16.2	        9316.17	       0.911062	        0.15708	       0.414186	  -5.22245e-006	   1.53433e-009	  -4.97883e-009	              0
           16.3	        9316.16	       0.911062	        0.15708	       0.414186	  -4.69733e-006	   1.73063e-009	  -4.91404e-009	              0
           16.4	        9316.15	       0.911062	        0.15708	       0.414187	  -4.17383e-006	   1.88474e-009	  -4.85702e-009	              0
           16.5	        9316.15	       0.911062	        0.15708	       0.414187	  -3.66953e-006	   2.00013e-009	  -4.81065e-009	              0
           16.6	        9316.14	       0.911062	        0.15708	       0.414187	  -3.19647e-006	    2.0809e-009	  -4.77627e-009	              0
           16.7	        9316.14	       0.911062	        0.15708	       0.414187	  -2.76188e-006	   2.13122e-009	  -4.75403e-009	              0
           16.8	        9316.13	       0.911062	        0.15708	       0.414187	  -2.36918e-006	   2.15491e-009	  -4.74334e-009	              0
           16.9	        9316.13	       0.911062	        0.15708	       0.414187	  -2.01896e-006	    2.1554e-009	  -4.74311e-009	              0
             17	        9316.13	       0.911062	        0.15708	       0.414187	  -1.70988e-006	   2.13565e-009	  -4.75204e-009	              0
           17.1	        9316.13	       0.911062	        0.15708	       0.414187	  -1.43942e-006	   2.09818e-009	   -4.7687e-009	              0
           17.2	        9316.12	       0.911062	        0.15708	       0.414187	  -1.20437e-006	   2.04515e-009	  -4.79169e-009	              0
           17.3	        9316.12	       0.911062	        0.15708	       0.414187	  -1.00125e-006	   1.97838e-009	  -4.81964e-009	              0
           17.4	        9316.12	       0.911062	        0.15708	       0.414187	  -8.26559e-007	   1.89944e-009	  -4.85129e-009	              0
           17.5	        9316.12	       0.911062	        0.15708	       0.414187	   -6.7695e-007	    1.8097e-009	  -4.88548e-009	              0
           17.6	        9316.12	       0.911062	        0.15708	       0.414186	  -5.49321e-007	   1.71033e-009	  -4.92114e-009	              0
           17.7	        9316.12	       0.911062	        0.15708	       0.414186	  -4.40869e-007	   1.60239e-009	  -4.95734e-009	              0
           17.8	        9316.12	       0.911062	        0.15708	       0.414186	  -3.49103e-007	   1.48683e-009	  -4.99322e-009	              0
           17.9	        9316.11	       0.911062	        0.15708	       0.414186	  -2.71841e-007	   1.36449e-009	  -5.02803e-009	              0
             18	        9316.11	       0.911062	        0.15708	       0.414186	  -2.07201e-007	   1.23617e-009	  -5.06111e-009	              0
           18.1	        9316.11	       0.911062	        0.15708	       0.414186	  -1.53575e-007	   1.10259e-009	  -5.09187e-009	              0
           18.2	        9316.11	       0.911062	        0.15708	       0.414186	   -1.0961e-007	   9.64468e-010	  -5.11983e-009	              0
           18.3	        9316.11	       0.911062	        0.15708	       0.414186	   -7.4183e-008	   8.22448e-010	  -5.14456e-009	              0
           18.4	        9316.11	       0.911062	        0.15708	       0.414186	  -4.63797e-008	    6.7717e-010	  -5.16569e-009	              0
           18.5	        9316.11	       0.911062	        0.15708	       0.414185	  -2.54791e-008	    5.2925e-010	  -5.18293e-009	              0
           18.6	        9316.11	       0.911062	        0.15708	       0.414185	   -1.0936e-008	    3.7929e-010	  -5.19606e-009	              0
           18.7	        9316.11	       0.911062	        0.15708	       0.414185	   -2.3699e-009	    2.2788e-010	   -5.2049e-009	              0
           18.8	        9316.11	       0.911062	        0.15708	       0.414185	   4.43998e-010	    7.5604e-011	  -5.20934e-009	              0
           18.9	        9316.11	       0.911062	        0.15708	       0.414185	  -2.42044e-009	  -7.69585e-011	  -5.20932e-009	              0
             19	        9316.11	       0.911062	        0.15708	       0.414185	  -1.10384e-008	  -2.29229e-010	  -5.20484e-009	              0
           19.1	         9316.1	       0.911062	        0.15708	       0.414185	   -2.5636e-008	  -3.80629e-010	  -5.19596e-009	              0
           19.2	         9316.1	       0.911062	        0.15708	       0.414185	  -4.65953e-008	  -5.30573e-010	   -5.1828e-009	              0
           19.3	         9316.1	       0.911062	        0.15708	       0.414185	  -7.44629e-008	  -6.78472e-010	  -5.16552e-009	              0
           19.4	         9316.1	       0.911062	        0.15708	       0.414184	  -1.09962e-007	  -8.23723e-010	  -5.14435e-009	              0
           19.5	         9316.1	       0.911062	        0.15708	       0.414184	  -1.54007e-007	   -9.6571e-010	   -5.1196e-009	              0
           19.6	         9316.1	       0.911062	        0.15708	       0.414184	  -2.07724e-007	   -1.1038e-009	  -5.09161e-009	              0
           19.7	         9316.1	       0.911062	        0.15708	       0.414184	  -2.72469e-007	  -1.23733e-009	  -5.06082e-009	              0
           19.8	         9316.1	       0.911062	        0.15708	       0.414184	  -3.49851e-007	   -1.3656e-009	  -5.02773e-009	              0
           19.9	         9316.1	       0.911062	        0.15708	       0.414184	  -4.41756e-007	  -1.48788e-009	  -4.99291e-009	              0
             20	         9316.1	       0.911062	        0.15708	       0.414184	  -5.50367e-007	  -1.60338e-009	  -4.95702e-009	              0
           20.1	        9316.09	       0.911062	        0.15708	       0.414184	  -6.78177e-007	  -1.71124e-009	  -4.92083e-009	              0
           20.2	        9316.09	       0.911062	        0.15708	       0.414183	  -8.27995e-007	  -1.81053e-009	  -4.88517e-009	              0
           20.3	        9316.09	       0.911062	        0.15708	       0.414183	  -1.00292e-006	  -1.90018e-009	    -4.851e-009	              0
           20.4	        9316.09	       0.911062	        0.15708	       0.414183	  -1.20631e-006	  -1.97901e-009	  -4.81938e-009	              0
           20.5	        9316.09	       0.911062	        0.15708	       0.414183	  -1.44166e-006	  -2.04567e-009	  -4.79147e-009	              0
           20.6	        9316.08	       0.911062	        0.15708	       0.414183	  -1.71245e-006	  -2.09857e-009	  -4.76853e-009	              0
           20.7	        9316.08	       0.911062	        0.15708	       0.414183	  -2.02188e-006	  -2.13589e-009	  -4.75193e-009	              0
           20.8	        9316.08	       0.911062	        0.15708	       0.414183	  -2.37247e-006	  -2.15547e-009	  -4.74308e-009	              0
           20.9	        9316.07	       0.911062	        0.15708	       0.414183	  -2.76555e-006	  -2.15479e-009	  -4.74339e-009	              0
             21	        9316.07	       0.911062	        0.15708	       0.414183	  -3.20049e-006	  -2.13087e-009	  -4.75419e-009	              0
           21.1	        9316.07	       0.911062	        0.15708	       0.414183	  -3.67385e-006	   -2.0803e-009	  -4.77653e-009	              0
           21.2	        9316.06	       0.911062	        0.15708	       0.414183	  -4.17838e-006	  -1.99923e-009	  -4.81103e-009	              0
           21.3	        9316.05	       0.911062	        0.15708	       0.414184	  -4.70197e-006	  -1.88352e-009	  -4.85749e-009	              0
           21.4	        9316.05	       0.911062	        0.15708	       0.414184	  -5.22698e-006	  -1.72905e-009	   -4.9146e-009	              0
           21.5	        9316.04	       0.911062	        0.15708	       0.414184	  -5.73009e-006	  -1.53235e-009	  -4.97944e-009	              0
           21.6	        9316.03	       0.911062	        0.15708	       0.414185	  -6.18322e-006	  -1.29152e-009	  -5.04726e-009	              0
           21.7	        9316.02	       0.911062	        0.15708	       0.414185	  -6.55595e-006	  -1.00741e-009	  -5.11156e-009	              0
           21.8	        9316.01	       0.911062	        0.15708	       0.414186	  -6.81929e-006	  -6.84903e-010	  -5.16467e-009	              0
           21.9	           9316	       0.911062	        0.15708	       0.414187	  -6.95053e-006	  -3.33592e-010	  -5.19919e-009	              0
             22	        9315.99	       0.911062	        0.15708	       0.414187	  -6.93761e-006	   3.26282e-011	  -5.20978e-009	              0
           22.1	        9315.98	       0.911062	        0.15708	       0.414188	  -6.78173e-006	   3.97365e-010	  -5.19471e-009	              0
           22.2	        9315.97	       0.911062	        0.15708	       0.414189	  -6.49711e-006	   7.44483e-010	  -5.15642e-009	              0
           22.3	        9315.96	       0.911062	        0.15708	       0.414189	  -6.10793e-006	   1.06075e-009	  -5.10075e-009	              0
           22.4	        9315.95	       0.911062	        0.15708	        0.41419	  -5.64375e-006	   1.33743e-009	  -5.03529e-009	              0
           22.5	        9315.94	       0.911062	        0.15708	        0.41419	  -5.13483e-006	   1.57042e-009	  -4.96756e-009	              0
           22.6	        9315.94	       0.911062	        0.15708	        0.41419	  -4.60853e-006	   1.75944e-009	   -4.9038e-009	              0
           22.7	        9315.93	       0.911062	        0.15708	       0.414191	   -4.0872e-006	   1.90676e-009	  -4.84842e-009	              0
           22.8	        9315.93	       0.911062	        0.15708	       0.414191	  -3.58747e-006	   2.01604e-009	  -4.80401e-009	              0
           22.9	        9315.92	       0.911062	        0.15708	       0.414191	  -3.12051e-006	   2.09141e-009	  -4.77168e-009	              0
             23	        9315.92	       0.911062	        0.15708	       0.414191	  -2.69284e-006	   2.13699e-009	  -4.75144e-009	              0
           23.1	        9315.91	       0.911062	        0.15708	       0.414191	  -2.30732e-006	   2.15655e-009	  -4.74259e-009	              0
           23.2	        9315.91	       0.911062	        0.15708	       0.414191	  -1.96416e-006	   2.15344e-009	    -4.744e-009	              0
           23.3	        9315.91	       0.911062	        0.15708	       0.414191	  -1.66179e-006	   2.13055e-009	  -4.75433e-009	              0
           23.4	        9315.91	       0.911062	        0.15708	       0.414191	  -1.39753e-006	   2.09032e-009	  -4.77216e-009	              0
           23.5	         9315.9	       0.911062	        0.15708	       0.414191	  -1.16811e-006	   2.03485e-009	  -4.79607e-009	              0
           23.6	         9315.9	       0.911062	        0.15708	       0.414191	  -9.70021e-007	   1.96593e-009	  -4.82473e-009	              0
           23.7	         9315.9	       0.911062	        0.15708	        0.41419	  -7.99783e-007	   1.88509e-009	  -4.85689e-009	              0
           23.8	         9315.9	       0.911062	        0.15708	        0.41419	  -6.54087e-007	   1.79364e-009	  -4.89139e-009	              0
           23.9	         9315.9	       0.911062	        0.15708	        0.41419	  -5.29877e-007	   1.69277e-009	  -4.92721e-009	              0
             24	         9315.9	       0.911062	        0.15708	        0.41419	  -4.24401e-007	   1.58348e-009	  -4.96341e-009	              0
           24.1	        9315.89	       0.911062	        0.15708	        0.41419	  -3.35222e-007	   1.46672e-009	  -4.99916e-009	              0
           24.2	        9315.89	       0.911062	        0.15708	        0.41419	  -2.60211e-007	   1.34332e-009	  -5.03373e-009	              0
           24.3	        9315.89	       0.911062	        0.15708	        0.41419	  -1.97531e-007	   1.21406e-009	  -5.06645e-009	              0
           24.4	        9315.89	       0.911062	        0.15708	        0.41419	  -1.45621e-007	   1.07968e-009	  -5.09678e-009	              0
           24.5	        9315.89	       0.911062	        0.15708	        0.41419	  -1.03167e-007	   9.40848e-010	  -5.12423e-009	              0
           24.6	        9315.89	       0.911062	        0.15708	       0.414189	  -6.90812e-008	   7.98236e-010	  -5.14837e-009	              0
           24.7	        9315.89	       0.911062	        0.15708	       0.414189	  -4.24855e-008	    6.5247e-010	  -5.16887e-009	              0
           24.8	        9315.89	       0.911062	        0.15708	       0.414189	  -2.26884e-008	   5.04165e-010	  -5.18543e-009	              0
           24.9	        9315.89	       0.911062	        0.15708	       0.414189	  -9.17339e-009	   3.53919e-010	  -5.19785e-009	              0
             25	        9315.89	       0.911062	        0.15708	       0.414189	  -1.58645e-009	   2.02321e-010	  -5.20595e-009	              0
           25.1	        9315.89	       0.911062	        0.15708	       0.414189	   2.71453e-010	   4.99557e-011	  -5.20964e-009	              0
