0.010000 	0.999950
0.010000 	0.999950
0.029996 	0.999550
0.029996 	0.999550
0.069943 	0.997551
0.069943 	0.997551
0.149438 	0.988771
0.149438 	0.988771
0.305059 	0.952334
0.305059 	0.952334
0.589145 	0.808027
0.589145 	0.808027
0.955098 	0.296257
0.955098 	0.296257
0.777331 	-0.629174
0.777331 	-0.629174
0.907685 	-0.419748
0.907685 	-0.419748
0.240836 	-0.970736
0.240836 	-0.970736
0.348355 	-0.937541
0.348355 	-0.937541
-0.480570 	-0.877360
-0.480570 	-0.877360
-0.434532 	-0.901052
-0.434532 	-0.901052
-0.961207 	-0.277933
-0.961207 	-0.277933
-0.954280 	-0.300859
-0.954280 	-0.300859
-0.865115 	0.503224
-0.865115 	0.503224
-0.870661 	0.493567
-0.870661 	0.493567
-0.224713 	0.975538
-0.224713 	0.975538
-0.229798 	0.974353
-0.229798 	0.974353
0.561591 	0.829040
0.561591 	0.829040
0.559530 	0.830432
0.559530 	0.830432
0.990109 	0.151330
0.990109 	0.151330
0.989923 	0.152539
0.989923 	0.152539
0.783457 	-0.624450
0.783457 	-0.624450
0.783855 	-0.623951
0.783855 	-0.623951
0.072967 	-0.999473
0.072967 	-0.999473
0.073334 	-0.999447
0.073334 	-0.999447
-0.684929 	-0.731896
-0.684929 	-0.731896
-0.684752 	-0.732062
-0.684752 	-0.732062
-1.002639 	0.006667
-1.002639 	0.006667
-1.002640 	0.006482
-1.002640 	0.006482
-0.675492 	0.741329
-0.675492 	0.741329
-0.675609 	0.741222
-0.675609 	0.741222
0.086364 	0.999464
0.086364 	0.999464
0.086218 	0.999476
0.086218 	0.999476
0.793042 	0.614817
0.793042 	0.614817
0.792956 	0.614928
0.792956 	0.614928
0.989983 	-0.165468
0.989983 	-0.165468
0.990005 	-0.165332
0.990005 	-0.165332
0.550322 	-0.839715
0.550322 	-0.839715
0.550436 	-0.839640
0.550436 	-0.839640
-0.243453 	-0.974287
-0.243453 	-0.974287
-0.243321 	-0.974320
-0.243321 	-0.974320
-0.881069 	-0.482443
-0.881069 	-0.482443
-0.881004 	-0.482562
-0.881004 	-0.482562
-0.952510 	0.319828
-0.952510 	0.319828
-0.952553 	0.319700
-0.952553 	0.319700
-0.411626 	0.916875
-0.411626 	0.916875
-0.411749 	0.916819
-0.411749 	0.916819
0.394125 	0.924819
0.394125 	0.924819
0.394000 	0.924872
0.394000 	0.924872
0.946937 	0.338327
0.946937 	0.338327
0.946892 	0.338455
0.946892 	0.338455
0.891420 	-0.465892
0.891420 	-0.465892
0.891483 	-0.465772
0.891483 	-0.465772
0.263017 	-0.971102
0.263017 	-0.971102
0.263147 	-0.971066
0.263147 	-0.971066
-0.534699 	-0.852551
-0.534699 	-0.852551
-0.534585 	-0.852623
-0.534585 	-0.852623
-0.989251 	-0.186169
-0.989251 	-0.186169
-0.989226 	-0.186302
-0.989226 	-0.186302
-0.808481 	0.600139
-0.808481 	0.600139
-0.808561 	0.600031
-0.808561 	0.600031
-0.108266 	1.001308
-0.108266 	1.001308
-0.108400 	1.001293
-0.108400 	1.001293
0.661829 	0.759508
0.661829 	0.759508
0.661727 	0.759597
0.661727 	0.759597
1.007231 	0.029790
1.007231 	0.029790
1.007227 	0.029925
1.007227 	0.029925
0.705959 	-0.719412
0.705959 	-0.719412
0.706056 	-0.719318
0.706056 	-0.719318
-0.048778 	-1.007018
-0.048778 	-1.007018
-0.048643 	-1.007024
-0.048643 	-1.007024
-0.772561 	-0.648186
-0.772561 	-0.648186
-0.772475 	-0.648289
-0.772475 	-0.648289
-1.000704 	0.126960
-1.000704 	0.126960
-1.000721 	0.126826
-1.000721 	0.126826
-0.586560 	0.820979
-0.586560 	0.820979
-0.586669 	0.820901
-0.586669 	0.820901
0.204287 	0.988361
0.204287 	0.988361
0.204155 	0.988388
0.204155 	0.988388
0.864400 	0.521474
0.864400 	0.521474
0.864330 	0.521590
0.864330 	0.521590
0.970097 	-0.280297
0.970097 	-0.280297
0.970134 	-0.280168
0.970134 	-0.280168
0.453340 	-0.902591
0.453340 	-0.902591
0.453460 	-0.902530
0.453460 	-0.902530
-0.354544 	-0.946054
-0.354544 	-0.946054
-0.354418 	-0.946101
-0.354418 	-0.946101
-0.935353 	-0.382579
-0.935353 	-0.382579
-0.935302 	-0.382704
-0.935302 	-0.382704
-0.916407 	0.426594
-0.916407 	0.426594
-0.916464 	0.426472
-0.916464 	0.426472
-0.309629 	0.962521
-0.309629 	0.962521
-0.309757 	0.962480
-0.309757 	0.962480
0.496032 	0.881364
0.496032 	0.881364
0.495914 	0.881430
0.495914 	0.881430
0.983966 	0.234933
0.983966 	0.234933
0.983935 	0.235064
0.983935 	0.235064
0.841162 	-0.562462
0.841162 	-0.562462
0.841236 	-0.562350
0.841236 	-0.562350
0.158941 	-0.999593
0.158941 	-0.999593
0.159074 	-0.999572
0.159074 	-0.999572
-0.625510 	-0.796065
-0.625510 	-0.796065
-0.625404 	-0.796148
-0.625404 	-0.796148
-1.009343 	-0.082107
-1.009343 	-0.082107
-1.009332 	-0.082241
-1.009332 	-0.082241
-0.746367 	0.684825
-0.746367 	0.684825
-0.746458 	0.684726
-0.746458 	0.684726
-0.004885 	1.013192
-0.004885 	1.013192
-0.005019 	1.013192
-0.005019 	1.013192
0.740084 	0.692381
0.740084 	0.692381
0.739992 	0.692480
0.739992 	0.692480
1.011151 	-0.072275
1.011151 	-0.072275
1.011161 	-0.072140
1.011161 	-0.072140
0.634447 	-0.790987
0.634447 	-0.790987
0.634552 	-0.790903
0.634552 	-0.790903
-0.148924 	-1.003264
-0.148924 	-1.003264
-0.148791 	-1.003284
-0.148791 	-1.003284
-0.837266 	-0.572920
-0.837266 	-0.572920
-0.837190 	-0.573031
-0.837190 	-0.573031
-0.989611 	0.224626
-0.989611 	0.224626
-0.989641 	0.224494
-0.989641 	0.224494
-0.508176 	0.878680
-0.508176 	0.878680
-0.508292 	0.878612
-0.508292 	0.878612
0.298949 	0.970302
0.298949 	0.970302
0.298820 	0.970341
0.298820 	0.970341
0.915019 	0.440603
0.915019 	0.440603
0.914960 	0.440724
0.914960 	0.440724
0.945479 	-0.371477
0.945479 	-0.371477
0.945528 	-0.371351
0.945528 	-0.371351
0.370603 	-0.946104
0.370603 	-0.946104
0.370728 	-0.946055
0.370728 	-0.946055
-0.441807 	-0.915315
-0.441807 	-0.915315
-0.441686 	-0.915373
-0.441686 	-0.915373
-0.971790 	-0.298586
-0.971790 	-0.298586
-0.971750 	-0.298715
-0.971750 	-0.298715
-0.880011 	0.509554
-0.880011 	0.509554
-0.880078 	0.509438
-0.880078 	0.509438
-0.224972 	0.991961
-0.224972 	0.991961
-0.225103 	0.991932
-0.225103 	0.991932
0.574351 	0.839796
0.574351 	0.839796
0.574240 	0.839872
0.574240 	0.839872
1.006536 	0.150184
1.006536 	0.150184
1.006517 	0.150317
1.006517 	0.150317
0.794923 	-0.635849
0.794923 	-0.635849
0.795007 	-0.635744
0.795007 	-0.635744
0.074647 	-1.015465
0.074647 	-1.015465
0.074781 	-1.015456
0.074781 	-1.015456
-0.693725 	-0.745670
-0.693725 	-0.745670
-0.693627 	-0.745761
-0.693627 	-0.745761
-1.018731 	0.001214
-1.018731 	0.001214
-1.018731 	0.001079
-1.018731 	0.001079
-0.692335 	0.747678
-0.692335 	0.747678
-0.692434 	0.747586
-0.692434 	0.747586
0.076974 	1.016347
0.076974 	1.016347
0.076840 	1.016357
0.076840 	1.016357
0.797430 	0.635239
0.797430 	0.635239
0.797346 	0.635344
0.797346 	0.635344
1.008360 	-0.152217
1.008360 	-0.152217
1.008380 	-0.152084
1.008380 	-0.152084
0.574716 	-0.842732
0.574716 	-0.842732
0.574827 	-0.842656
0.574827 	-0.842656
-0.226531 	-0.994845
-0.226531 	-0.994845
-0.226400 	-0.994874
-0.226400 	-0.994874
-0.883360 	-0.511120
-0.883360 	-0.511120
-0.883293 	-0.511236
-0.883293 	-0.511236
-0.975908 	0.299515
-0.975908 	0.299515
-0.975948 	0.299386
-0.975948 	0.299386
-0.444815 	0.919121
-0.444815 	0.919121
-0.444936 	0.919062
-0.444936 	0.919062
0.370778 	0.951685
0.370778 	0.951685
0.370652 	0.951734
0.370652 	0.951734
0.949846 	0.376177
0.949846 	0.376177
0.949797 	0.376302
0.949797 	0.376302
0.922336 	-0.439943
0.922336 	-0.439943
0.922394 	-0.439822
0.922394 	-0.439822
0.305592 	-0.975400
0.305592 	-0.975400
0.305720 	-0.975360
0.305720 	-0.975360
-0.506650 	-0.888051
-0.506650 	-0.888051
-0.506533 	-0.888118
-0.506533 	-0.888118
-0.995674 	-0.233452
-0.995674 	-0.233452
-0.995644 	-0.233582
-0.995644 	-0.233582
-0.849043 	0.570554
-0.849043 	0.570554
-0.849118 	0.570442
-0.849118 	0.570442
-0.160152 	1.010591
-0.160152 	1.010591
-0.160284 	1.010570
-0.160284 	1.010570
0.631328 	0.805547
0.631328 	0.805547
0.631223 	0.805630
0.631223 	0.805630
1.020102 	0.086090
1.020102 	0.086090
1.020090 	0.086224
1.020090 	0.086224
0.757822 	-0.688668
0.757822 	-0.688668
0.757912 	-0.688569
0.757912 	-0.688569
0.011666 	-1.024187
0.011666 	-1.024187
0.011800 	-1.024186
0.011800 	-1.024186
-0.742289 	-0.706145
-0.742289 	-0.706145
-0.742197 	-0.706242
-0.742197 	-0.706242
-1.022858 	0.062725
-1.022858 	0.062725
-1.022866 	0.062591
-1.022866 	0.062591
-0.650813 	0.791931
-0.650813 	0.791931
-0.650916 	0.791846
-0.650916 	0.791846
0.136692 	1.016152
0.136692 	1.016152
0.136559 	1.016170
0.136559 	1.016170
0.837355 	0.592137
0.837355 	0.592137
0.837277 	0.592247
0.837277 	0.592247
1.004137 	-0.209848
1.004137 	-0.209848
1.004165 	-0.209717
1.004165 	-0.209717
0.530445 	-0.878348
0.530445 	-0.878348
0.530560 	-0.878279
0.530560 	-0.878279
-0.281818 	-0.986907
-0.281818 	-0.986907
-0.281689 	-0.986944
-0.281689 	-0.986944
-0.914724 	-0.466076
-0.914724 	-0.466076
-0.914663 	-0.466195
-0.914663 	-0.466195
-0.964581 	0.352233
-0.964581 	0.352233
-0.964627 	0.352107
-0.964627 	0.352107
-0.399378 	0.946320
-0.399378 	0.946320
-0.399501 	0.946268
-0.399501 	0.946268
0.420740 	0.937306
0.420740 	0.937306
0.420618 	0.937361
0.420618 	0.937361
0.973003 	0.330710
0.973003 	0.330710
0.972960 	0.330837
0.972960 	0.330837
0.905251 	-0.486996
0.905251 	-0.486996
0.905315 	-0.486878
0.905315 	-0.486878
0.260436 	-0.994664
0.260436 	-0.994664
0.260566 	-0.994631
0.260566 	-0.994631
-0.550676 	-0.868609
-0.550676 	-0.868609
-0.550563 	-0.868680
-0.550563 	-0.868680
-1.011223 	-0.188926
-1.011223 	-0.188926
-1.011198 	-0.189057
-1.011198 	-0.189057
-0.827593 	0.611470
-0.827593 	0.611470
-0.827673 	0.611362
-0.827673 	0.611362
-0.116549 	1.022625
-0.116549 	1.022625
-0.116682 	1.022610
-0.116682 	1.022610
0.669086 	0.782439
0.669086 	0.782439
0.668984 	0.782526
0.668984 	0.782526
1.028844 	0.043679
1.028844 	0.043679
1.028838 	0.043812
1.028838 	0.043812
0.733399 	-0.723253
0.733399 	-0.723253
0.733492 	-0.723158
0.733492 	-0.723158
-0.029316 	-1.029879
-0.029316 	-1.029879
-0.029182 	-1.029882
-0.029182 	-1.029882
-0.773719 	-0.680742
-0.773719 	-0.680742
-0.773630 	-0.680843
-0.773630 	-0.680843
-1.025755 	0.102067
-1.025755 	0.102067
-1.025768 	0.101934
-1.025768 	0.101934
-0.624755 	0.820252
-0.624755 	0.820252
-0.624861 	0.820171
-0.624861 	0.820171
0.174213 	1.016525
0.174213 	1.016525
0.174081 	1.016548
0.174081 	1.016548
0.862646 	0.565736
0.862646 	0.565736
0.862573 	0.565848
0.862573 	0.565848
1.002266 	-0.245399
1.002266 	-0.245399
1.002298 	-0.245269
1.002298 	-0.245269
0.503996 	-0.900715
0.503996 	-0.900715
0.504112 	-0.900650
0.504112 	-0.900650
-0.315278 	-0.983077
-0.315278 	-0.983077
-0.315151 	-0.983118
-0.315151 	-0.983118
-0.934296 	-0.439856
-0.934296 	-0.439856
-0.934239 	-0.439977
-0.934239 	-0.439977
-0.959084 	0.383515
-0.959084 	0.383515
-0.959133 	0.383391
-0.959133 	0.383391
-0.373646 	0.963253
-0.373646 	0.963253
-0.373771 	0.963204
-0.373771 	0.963204
0.449784 	0.930432
0.449784 	0.930432
0.449664 	0.930490
0.449664 	0.930490
0.987471 	0.305702
0.987471 	0.305702
0.987431 	0.305830
0.987431 	0.305830
0.897290 	-0.513775
0.897290 	-0.513775
0.897357 	-0.513659
0.897357 	-0.513659
0.236366 	-1.006861
0.236366 	-1.006861
0.236496 	-1.006830
0.236496 	-1.006830
-0.575190 	-0.859847
-0.575190 	-0.859847
-0.575079 	-0.859921
-0.575079 	-0.859921
-1.021359 	-0.165981
-1.021359 	-0.165981
-1.021337 	-0.166113
-1.021337 	-0.166113
-0.818308 	0.633749
-0.818308 	0.633749
-0.818390 	0.633643
-0.818390 	0.633643
-0.094893 	1.030924
-0.094893 	1.030924
-0.095026 	1.030912
-0.095026 	1.030912
0.689187 	0.772900
0.689187 	0.772900
0.689087 	0.772989
0.689087 	0.772989
1.035541 	0.023449
1.035541 	0.023449
1.035538 	0.023582
1.035538 	0.023582
0.723862 	-0.741257
0.723862 	-0.741257
0.723958 	-0.741164
0.723958 	-0.741164
-0.048010 	-1.035219
-0.048010 	-1.035219
-0.047877 	-1.035225
-0.047877 	-1.035225
-0.789734 	-0.671451
-0.789734 	-0.671451
-0.789647 	-0.671553
-0.789647 	-0.671553
-1.029988 	0.119143
-1.029988 	0.119143
-1.030003 	0.119010
-1.030003 	0.119010
-0.615937 	0.834408
-0.615937 	0.834408
-0.616044 	0.834328
-0.616044 	0.834328
0.189615 	1.019904
0.189615 	1.019904
0.189484 	1.019928
0.189484 	1.019928
0.875092 	0.557599
0.875092 	0.557599
0.875020 	0.557711
0.875020 	0.557711
1.005044 	-0.259100
1.005044 	-0.259100
1.005077 	-0.258971
1.005077 	-0.258971
0.496730 	-0.911620
0.496730 	-0.911620
0.496847 	-0.911556
0.496847 	-0.911556
-0.327277 	-0.985507
-0.327277 	-0.985507
-0.327150 	-0.985549
-0.327150 	-0.985549
-0.943846 	-0.433629
-0.943846 	-0.433629
-0.943791 	-0.433750
-0.943791 	-0.433750
-0.961414 	0.393837
-0.961414 	0.393837
-0.961465 	0.393714
-0.961465 	0.393714
-0.368604 	0.971648
-0.368604 	0.971648
-0.368729 	0.971601
-0.368729 	0.971601
0.458481 	0.932904
0.458481 	0.932904
0.458361 	0.932963
0.458361 	0.932963
0.994924 	0.301968
0.994924 	0.301968
0.994886 	0.302096
0.994886 	0.302096
0.900136 	-0.520922
0.900136 	-0.520922
0.900203 	-0.520806
0.900203 	-0.520806
0.234038 	-1.013596
0.234038 	-1.013596
0.234168 	-1.013566
0.234168 	-1.013566
-0.580887 	-0.863288
-0.580887 	-0.863288
-0.580776 	-0.863362
-0.580776 	-0.863362
-1.027605 	-0.165133
-1.027605 	-0.165133
-1.027584 	-0.165265
-1.027584 	-0.165265
-0.822553 	0.638117
-0.822553 	0.638117
-0.822634 	0.638012
-0.822634 	0.638012
-0.095574 	1.036917
-0.095574 	1.036917
-0.095707 	1.036905
-0.095707 	1.036905
0.692369 	0.778141
0.692369 	0.778141
0.692270 	0.778229
0.692270 	0.778229
1.041520 	0.025681
1.041520 	0.025681
1.041517 	0.025814
1.041517 	0.025814
0.730276 	-0.743416
0.730276 	-0.743416
0.730371 	-0.743322
0.730371 	-0.743322
-0.044228 	-1.041422
-0.044228 	-1.041422
-0.044095 	-1.041428
-0.044095 	-1.041428
-0.791047 	-0.679196
-0.791047 	-0.679196
-0.790960 	-0.679297
-0.790960 	-0.679297
-1.036653 	0.113839
-1.036653 	0.113839
-1.036667 	0.113707
-1.036667 	0.113707
-0.625150 	0.835070
-0.625150 	0.835070
-0.625257 	0.834990
-0.625257 	0.834990
0.182842 	1.027263
0.182842 	1.027263
0.182711 	1.027287
0.182711 	1.027287
0.875312 	0.568398
0.875312 	0.568398
0.875240 	0.568510
0.875240 	0.568510
1.013325 	-0.250934
1.013325 	-0.250934
1.013357 	-0.250805
1.013357 	-0.250805
0.509210 	-0.911618
0.509210 	-0.911618
0.509326 	-0.911553
0.509326 	-0.911553
-0.317819 	-0.994927
-0.317819 	-0.994927
-0.317692 	-0.994968
-0.317692 	-0.994968
-0.943852 	-0.447862
-0.943852 	-0.447862
-0.943795 	-0.447982
-0.943795 	-0.447982
-0.972181 	0.383208
-0.972181 	0.383208
-0.972229 	0.383084
-0.972229 	0.383084
-0.384638 	0.971898
-0.384638 	0.971898
-0.384761 	0.971849
-0.384761 	0.971849
0.446826 	0.945212
0.446826 	0.945212
0.446705 	0.945269
0.446705 	0.945269
0.995659 	0.319826
0.995659 	0.319826
0.995619 	0.319953
0.995619 	0.319953
0.914166 	-0.508404
0.914166 	-0.508404
0.914230 	-0.508288
0.914230 	-0.508288
0.253720 	-1.015061
0.253720 	-1.015061
0.253849 	-1.015028
0.253849 	-1.015028
-0.567689 	-0.879203
-0.567689 	-0.879203
-0.567578 	-0.879275
-0.567578 	-0.879275
-1.030045 	-0.186614
-1.030045 	-0.186614
-1.030021 	-0.186745
-1.030021 	-0.186745
-0.840501 	0.624440
-0.840501 	0.624440
-0.840580 	0.624333
-0.840580 	0.624333
-0.118804 	1.040577
-0.118804 	1.040577
-0.118936 	1.040562
-0.118936 	1.040562
0.678426 	0.798248
0.678426 	0.798248
0.678325 	0.798334
0.678325 	0.798334
1.046639 	0.050585
1.046639 	0.050585
1.046632 	0.050717
1.046632 	0.050717
0.752650 	-0.729437
0.752650 	-0.729437
0.752742 	-0.729341
0.752742 	-0.729341
-0.017748 	-1.048234
-0.017748 	-1.048234
-0.017616 	-1.048236
-0.017616 	-1.048236
-0.777272 	-0.703921
-0.777272 	-0.703921
-0.777183 	-0.704020
-0.777183 	-0.704020
-1.045384 	0.085905
-1.045384 	0.085905
-1.045394 	0.085773
-1.045394 	0.085773
-0.652290 	0.821751
-0.652290 	0.821751
-0.652394 	0.821668
-0.652394 	0.821668
0.153598 	1.038129
0.153598 	1.038129
0.153466 	1.038149
0.153466 	1.038149
0.862706 	0.597991
0.862706 	0.597991
0.862630 	0.598100
0.862630 	0.598100
1.026530 	-0.220544
1.026530 	-0.220544
1.026558 	-0.220415
1.026558 	-0.220415
0.541271 	-0.899988
0.541271 	-0.899988
0.541384 	-0.899920
0.541384 	-0.899920
-0.286470 	-1.010662
-0.286470 	-1.010662
-0.286342 	-1.010698
-0.286342 	-1.010698
-0.933467 	-0.482381
-0.933467 	-0.482381
-0.933406 	-0.482499
-0.933406 	-0.482499
-0.990619 	0.351106
-0.990619 	0.351106
-0.990664 	0.350981
-0.990664 	0.350981
-0.421582 	0.963027
-0.421582 	0.963027
-0.421704 	0.962974
-0.421704 	0.962974
0.414193 	0.966512
0.414193 	0.966512
0.414072 	0.966565
0.414072 	0.966565
0.988571 	0.359137
0.988571 	0.359137
0.988526 	0.359261
0.988526 	0.359261
0.938467 	-0.475482
0.938467 	-0.475482
0.938527 	-0.475363
0.938527 	-0.475363
0.295313 	-1.010022
0.295313 	-1.010022
0.295440 	-1.009984
0.295440 	-1.009984
-0.534731 	-0.906624
-0.534731 	-0.906624
-0.534616 	-0.906691
-0.534616 	-0.906691
-1.027317 	-0.230381
-1.027317 	-0.230381
-1.027288 	-0.230510
-1.027288 	-0.230510
-0.871138 	0.591712
-0.871138 	0.591712
-0.871213 	0.591603
-0.871213 	0.591603
-0.164612 	1.040413
-0.164612 	1.040413
-0.164743 	1.040392
-0.164743 	1.040392
0.646210 	0.832178
0.646210 	0.832178
0.646105 	0.832260
0.646105 	0.832260
1.049285 	0.098280
1.049285 	0.098280
1.049273 	0.098412
1.049273 	0.098412
0.789924 	-0.698019
0.789924 	-0.698019
0.790012 	-0.697919
0.790012 	-0.697919
0.031654 	-1.053926
0.031654 	-1.053926
0.031787 	-1.053922
0.031787 	-1.053922
-0.746949 	-0.744567
-0.746949 	-0.744567
-0.746855 	-0.744661
-0.746855 	-0.744661
-1.054343 	0.034995
-1.054343 	0.034995
-1.054348 	0.034862
-1.054348 	0.034862
-0.696310 	0.792823
-0.696310 	0.792823
-0.696410 	0.792735
-0.696410 	0.792735
0.101401 	1.050564
0.101401 	1.050564
0.101269 	1.050577
0.101269 	1.050577
0.835479 	0.645364
0.835479 	0.645364
0.835398 	0.645469
0.835398 	0.645469
1.042632 	-0.167303
1.042632 	-0.167303
1.042653 	-0.167172
1.042653 	-0.167172
0.591949 	-0.874769
0.591949 	-0.874769
0.592059 	-0.874694
0.592059 	-0.874694
-0.232443 	-1.030605
-0.232443 	-1.030605
-0.232313 	-1.030634
-0.232313 	-1.030634
-0.910560 	-0.536291
-0.910560 	-0.536291
-0.910493 	-0.536406
-0.910493 	-0.536406
-1.014558 	0.296569
-1.014558 	0.296569
-1.014595 	0.296442
-1.014595 	0.296442
-0.478625 	0.942736
-0.478625 	0.942736
-0.478743 	0.942676
-0.478743 	0.942676
0.359439 	0.994580
0.359439 	0.994580
0.359314 	0.994625
0.359314 	0.994625
0.971195 	0.419188
0.971195 	0.419188
0.971143 	0.419310
0.971143 	0.419310
0.970776 	-0.420815
0.970776 	-0.420815
0.970829 	-0.420694
0.970829 	-0.420694
0.358223 	-0.995852
0.358223 	-0.995852
0.358348 	-0.995807
0.358348 	-0.995807
-0.480470 	-0.943264
-0.480470 	-0.943264
-0.480352 	-0.943324
-0.480352 	-0.943324
-1.016636 	-0.295976
-1.016636 	-0.295976
-1.016599 	-0.296103
-1.016599 	-0.296103
-0.912173 	0.538186
-0.912173 	0.538186
-0.912241 	0.538072
-0.912241 	0.538072
-0.232695 	1.033495
-0.232695 	1.033495
-0.232824 	1.033465
-0.232824 	1.033465
0.593754 	0.877649
0.593754 	0.877649
0.593644 	0.877723
0.593644 	0.877723
1.046389 	0.168628
1.046389 	0.168628
1.046368 	0.168759
1.046368 	0.168759
0.839845 	-0.646977
0.839845 	-0.646977
0.839926 	-0.646872
0.839926 	-0.646872
0.104025 	-1.055297
0.104025 	-1.055297
0.104157 	-1.055284
0.104157 	-1.055284
-0.697670 	-0.798927
-0.697670 	-0.798927
-0.697570 	-0.799014
-0.697570 	-0.799014
-1.060212 	-0.039133
-1.060212 	-0.039133
-1.060207 	-0.039266
-1.060207 	-0.039266
-0.755071 	0.745657
-0.755071 	0.745657
-0.755163 	0.745563
-0.755163 	0.745563
0.025800 	1.061143
0.025800 	1.061143
0.025668 	1.061146
0.025668 	1.061146
0.790777 	0.708460
0.790777 	0.708460
0.790689 	0.708559
0.790689 	0.708559
1.058113 	-0.090532
1.058113 	-0.090532
1.058124 	-0.090400
1.058124 	-0.090400
0.659290 	-0.832881
0.659290 	-0.832881
0.659393 	-0.832799
0.659393 	-0.832799
-0.154823 	-1.051160
-0.154823 	-1.051160
-0.154692 	-1.051180
-0.154692 	-1.051180
-0.871833 	-0.607758
-0.871833 	-0.607758
-0.871758 	-0.607866
-0.871758 	-0.607866
-1.040338 	0.218438
-1.040338 	0.218438
-1.040365 	0.218308
-1.040365 	0.218308
-0.554072 	0.907511
-0.554072 	0.907511
-0.554185 	0.907443
-0.554185 	0.907443
0.281146 	1.025712
0.281146 	1.025712
0.281018 	1.025747
0.281018 	1.025747
0.939807 	0.498445
0.939807 	0.498445
0.939745 	0.498562
0.939745 	0.498562
1.007363 	-0.342724
1.007363 	-0.342724
1.007405 	-0.342598
1.007405 	-0.342598
0.441093 	-0.968624
0.441093 	-0.968624
0.441213 	-0.968569
0.441213 	-0.968569
-0.402954 	-0.985382
-0.402954 	-0.985382
-0.402832 	-0.985432
-0.402832 	-0.985432
-0.993882 	-0.382236
-0.993882 	-0.382236
-0.993835 	-0.382360
-0.993835 	-0.382360
-0.959876 	0.461629
-0.959876 	0.461629
-0.959933 	0.461510
-0.959933 	0.461510
-0.322099 	1.015515
-0.322099 	1.015515
-0.322225 	1.015475
-0.322225 	1.015475
0.518546 	0.930959
0.518546 	0.930959
0.518430 	0.931024
0.518430 	0.931024
1.033469 	0.260906
1.033469 	0.260906
1.033437 	0.261034
1.033437 	0.261034
0.898761 	-0.573513
0.898761 	-0.573513
0.898832 	-0.573401
0.898832 	-0.573401
0.198885 	-1.047706
0.198885 	-1.047706
0.199015 	-1.047682
0.199015 	-1.047682
-0.626347 	-0.863418
-0.626347 	-0.863418
-0.626240 	-0.863495
-0.626240 	-0.863495
-1.058201 	-0.136261
-1.058201 	-0.136261
-1.058184 	-0.136392
-1.058184 	-0.136392
-0.825078 	0.676876
-0.825078 	0.676876
-0.825161 	0.676774
-0.825161 	0.676774
-0.073262 	1.064943
-0.073262 	1.064943
-0.073393 	1.064934
-0.073393 	1.064934
0.724937 	0.783897
0.724937 	0.783897
0.724840 	0.783987
0.724840 	0.783987
1.067934 	0.010111
1.067934 	0.010111
1.067933 	0.010243
1.067933 	0.010243
0.740041 	-0.770378
0.740041 	-0.770378
0.740136 	-0.770286
0.740136 	-0.770286
-0.052968 	-1.067190
-0.052968 	-1.067190
-0.052836 	-1.067196
-0.052836 	-1.067196
-0.813058 	-0.693682
-0.813058 	-0.693682
-0.812972 	-0.693782
-0.812972 	-0.693782
-1.062740 	0.115756
-1.062740 	0.115756
-1.062754 	0.115625
-1.062754 	0.115625
-0.644997 	0.852849
-0.644997 	0.852849
-0.645103 	0.852769
-0.645103 	0.852769
0.178037 	1.054625
0.178037 	1.054625
0.177907 	1.054647
0.177907 	1.054647
0.889633 	0.594174
0.889633 	0.594174
0.889559 	0.594283
0.889559 	0.594283
1.042899 	-0.239600
1.042899 	-0.239600
1.042929 	-0.239471
1.042929 	-0.239471
0.541400 	-0.923304
0.541400 	-0.923304
0.541514 	-0.923238
0.541514 	-0.923238
-0.300238 	-1.027628
-0.300238 	-1.027628
-0.300111 	-1.027665
-0.300111 	-1.027665
-0.953770 	-0.486871
-0.953770 	-0.486871
-0.953710 	-0.486989
-0.953710 	-0.486989
-1.008890 	0.359751
-1.008890 	0.359751
-1.008934 	0.359627
-1.008934 	0.359627
-0.430786 	0.980950
-0.430786 	0.980950
-0.430907 	0.980897
-0.430907 	0.980897
0.417944 	0.986772
0.417944 	0.986772
0.417823 	0.986824
0.417823 	0.986824
1.004774 	0.373345
1.004774 	0.373345
1.004728 	0.373468
1.004728 	0.373468
0.961374 	-0.474631
0.961374 	-0.474631
0.961432 	-0.474513
0.961432 	-0.474513
0.314751 	-1.025186
0.314751 	-1.025186
0.314877 	-1.025147
0.314877 	-1.025147
-0.529632 	-0.932804
-0.529632 	-0.932804
-0.529518 	-0.932869
-0.529518 	-0.932869
-1.042143 	-0.255209
-1.042143 	-0.255209
-1.042111 	-0.255337
-1.042111 	-0.255337
-0.901180 	0.582775
-0.901180 	0.582775
-0.901252 	0.582664
-0.901252 	0.582664
-0.194924 	1.055612
-0.194924 	1.055612
-0.195054 	1.055588
-0.195054 	1.055588
0.633896 	0.866630
0.633896 	0.866630
0.633790 	0.866707
0.633790 	0.866707
1.065574 	0.134102
1.065574 	0.134102
1.065557 	0.134233
1.065557 	0.134233
0.829288 	-0.682841
0.829288 	-0.682841
0.829372 	-0.682739
0.829372 	-0.682739
0.072947 	-1.072021
0.072947 	-1.072021
0.073079 	-1.072012
0.073079 	-1.072012
-0.729465 	-0.789298
-0.729465 	-0.789298
-0.729368 	-0.789387
-0.729368 	-0.789387
-1.074958 	-0.011662
-1.074958 	-0.011662
-1.074957 	-0.011794
-1.074957 	-0.011794
-0.746810 	0.773632
-0.746810 	0.773632
-0.746904 	0.773541
-0.746904 	0.773541
0.049552 	1.074400
0.049552 	1.074400
0.049421 	1.074406
0.049421 	1.074406
0.815216 	0.701979
0.815216 	0.701979
0.815130 	0.702079
0.815130 	0.702079
1.070375 	-0.110497
1.070375 	-0.110497
1.070389 	-0.110366
1.070389 	-0.110366
0.654969 	-0.854102
0.654969 	-0.854102
0.655073 	-0.854022
0.655073 	-0.854022
-0.170979 	-1.062921
-0.170979 	-1.062921
-0.170849 	-1.062942
-0.170849 	-1.062942
-0.890183 	-0.605945
-0.890183 	-0.605945
-0.890109 	-0.606054
-0.890109 	-0.606054
-1.052086 	0.230806
-1.052086 	0.230806
-1.052114 	0.230678
-1.052114 	0.230678
-0.555081 	0.923365
-0.555081 	0.923365
-0.555193 	0.923297
-0.555193 	0.923297
0.289793 	1.037930
0.289793 	1.037930
0.289667 	1.037965
0.289667 	1.037965
0.953564 	0.502550
0.953564 	0.502550
0.953502 	0.502666
0.953502 	0.502666
1.020522 	-0.347759
1.020522 	-0.347759
1.020565 	-0.347634
1.020565 	-0.347634
0.448532 	-0.980705
0.448532 	-0.980705
0.448651 	-0.980651
0.448651 	-0.980651
-0.404527 	-0.999941
-0.404527 	-0.999941
-0.404405 	-0.999991
-0.404405 	-0.999991
-1.004726 	-0.393207
-1.004726 	-0.393207
-1.004679 	-0.393329
-1.004679 	-0.393329
-0.976276 	0.459929
-0.976276 	0.459929
-0.976332 	0.459810
-0.976332 	0.459810
-0.336759 	1.025575
-0.336759 	1.025575
-0.336884 	1.025534
-0.336884 	1.025534
0.513802 	0.949621
0.513802 	0.949621
0.513687 	0.949684
0.513687 	0.949684
1.043210 	0.279371
1.043210 	0.279371
1.043176 	0.279498
1.043176 	0.279498
0.920084 	-0.565990
0.920084 	-0.565990
0.920152 	-0.565878
0.920152 	-0.565878
0.221228 	-1.057600
0.221228 	-1.057600
0.221356 	-1.057574
0.221356 	-1.057574
-0.616343 	-0.887775
-0.616343 	-0.887775
-0.616235 	-0.887850
-0.616235 	-0.887850
-1.068726 	-0.162515
-1.068726 	-0.162515
-1.068706 	-0.162644
-1.068706 	-0.162644
-0.852815 	0.664722
-0.852815 	0.664722
-0.852895 	0.664619
-0.852895 	0.664619
-0.103415 	1.076577
-0.103415 	1.076577
-0.103545 	1.076564
-0.103545 	1.076564
0.710993 	0.815330
0.710993 	0.815330
0.710894 	0.815416
0.710894 	0.815416
1.081153 	0.044112
1.081153 	0.044112
1.081148 	0.044243
1.081148 	0.044243
0.775453 	-0.755032
0.775453 	-0.755032
0.775545 	-0.754938
0.775545 	-0.754938
-0.015214 	-1.082466
-0.015214 	-1.082466
-0.015083 	-1.082468
-0.015083 	-1.082468
-0.796722 	-0.733323
-0.796722 	-0.733323
-0.796633 	-0.733420
-0.796633 	-0.733420
-1.080536 	0.074384
-1.080536 	0.074384
-1.080545 	0.074253
-1.080545 	0.074253
-0.689083 	0.835955
-0.689083 	0.835955
-0.689184 	0.835872
-0.689184 	0.835872
0.133221 	1.075394
0.133221 	1.075394
0.133090 	1.075410
0.133090 	1.075410
0.872633 	0.642880
0.872633 	0.642880
0.872556 	0.642985
0.872556 	0.642985
1.067078 	-0.191553
1.067078 	-0.191553
1.067101 	-0.191424
1.067101 	-0.191424
0.594866 	-0.906667
0.594866 	-0.906667
0.594976 	-0.906595
0.594976 	-0.906595
-0.249211 	-1.055637
-0.249211 	-1.055637
-0.249083 	-1.055667
-0.249083 	-1.055667
-0.937976 	-0.545198
-0.937976 	-0.545198
-0.937910 	-0.545312
-0.937910 	-0.545312
-1.041129 	0.306031
-1.041129 	0.306031
-1.041166 	0.305905
-1.041166 	0.305905
-0.494034 	0.966489
-0.494034 	0.966489
-0.494150 	0.966429
-0.494150 	0.966429
0.361852 	1.023620
0.361852 	1.023620
0.361729 	1.023663
0.361729 	1.023663
0.992143 	0.441533
0.992143 	0.441533
0.992090 	0.441653
0.992090 	0.441653
1.003182 	-0.416520
1.003182 	-0.416520
1.003233 	-0.416399
1.003233 	-0.416399
0.387859 	-1.014886
0.387859 	-1.014886
0.387982 	-1.014840
0.387982 	-1.014840
-0.469886 	-0.979899
-0.469886 	-0.979899
-0.469768 	-0.979955
-0.469768 	-0.979955
-1.034675 	-0.333176
-1.034675 	-0.333176
-1.034635 	-0.333301
-1.034635 	-0.333301
-0.953858 	0.521805
-0.953858 	0.521805
-0.953921 	0.521690
-0.953921 	0.521690
-0.277648 	1.051476
-0.277648 	1.051476
-0.277775 	1.051443
-0.277775 	1.051443
0.572140 	0.925155
0.572140 	0.925155
0.572029 	0.925224
0.572029 	0.925224
1.065263 	0.221440
1.065263 	0.221440
1.065237 	0.221569
1.065237 	0.221569
0.893892 	-0.620761
0.893892 	-0.620761
0.893967 	-0.620653
0.893967 	-0.620653
0.164718 	-1.076021
0.164718 	-1.076021
0.164847 	-1.076001
0.164847 	-1.076001
-0.667542 	-0.860178
-0.667542 	-0.860178
-0.667439 	-0.860259
-0.667439 	-0.860259
-1.083743 	-0.107643
-1.083743 	-0.107643
-1.083730 	-0.107774
-1.083730 	-0.107774
-0.824127 	0.712368
-0.824127 	0.712368
-0.824212 	0.712269
-0.824212 	0.712269
-0.050381 	1.088430
-0.050381 	1.088430
-0.050512 	1.088424
-0.050512 	1.088424
0.755126 	0.785856
0.755126 	0.785856
0.755032 	0.785947
0.755032 	0.785947
1.090094 	-0.006909
1.090094 	-0.006909
1.090094 	-0.006778
1.090094 	-0.006778
0.745490 	-0.795715
0.745490 	-0.795715
0.745586 	-0.795626
0.745586 	-0.795626
-0.064067 	-1.088752
-0.064067 	-1.088752
-0.063936 	-1.088760
-0.063936 	-1.088760
-0.834039 	-0.703158
-0.834039 	-0.703158
-0.833955 	-0.703258
-0.833955 	-0.703258
-1.084432 	0.120937
-1.084432 	0.120937
-1.084447 	0.120807
-1.084447 	0.120807
-0.658989 	0.870011
-0.658989 	0.870011
-0.659094 	0.869932
-0.659094 	0.869932
0.177364 	1.077170
0.177364 	1.077170
0.177235 	1.077192
0.177235 	1.077192
0.903551 	0.613120
0.903551 	0.613120
0.903478 	0.613229
0.903478 	0.613229
1.067008 	-0.233200
1.067008 	-0.233200
1.067036 	-0.233072
1.067036 	-0.233072
0.565689 	-0.934587
0.565689 	-0.934587
0.565801 	-0.934519
0.565801 	-0.934519
-0.288297 	-1.053997
-0.288297 	-1.053997
-0.288171 	-1.054031
-0.288171 	-1.054031
-0.963054 	-0.516836
-0.963054 	-0.516836
-0.962992 	-0.516951
-0.962992 	-0.516951
-1.038193 	0.342513
-1.038193 	0.342513
-1.038234 	0.342389
-1.038234 	0.342389
-0.466703 	0.988897
-0.466703 	0.988897
-0.466821 	0.988841
-0.466821 	0.988841
0.395709 	1.019662
0.395709 	1.019662
0.395588 	1.019709
0.395588 	1.019709
1.012067 	0.415434
1.012067 	0.415434
1.012017 	0.415555
1.012017 	0.415555
0.998474 	-0.447753
0.998474 	-0.447753
0.998527 	-0.447634
0.998527 	-0.447634
0.363174 	-1.032524
0.363174 	-1.032524
0.363297 	-1.032481
0.363297 	-1.032481
-0.498515 	-0.974707
-0.498515 	-0.974707
-0.498399 	-0.974766
-0.498399 	-0.974766
-1.050236 	-0.310070
-1.050236 	-0.310070
-1.050199 	-0.310195
-1.050199 	-0.310195
-0.948443 	0.547872
-0.948443 	0.547872
-0.948508 	0.547759
-0.948508 	0.547759
-0.256266 	1.065178
-0.256266 	1.065178
-0.256393 	1.065147
-0.256393 	1.065147
0.595707 	0.919771
0.595707 	0.919771
0.595597 	0.919842
0.595597 	0.919842
1.077333 	0.201910
1.077333 	0.201910
1.077309 	0.202038
1.077309 	0.202038
0.888786 	-0.641907
0.888786 	-0.641907
0.888862 	-0.641801
0.888862 	-0.641801
0.147146 	-1.086693
0.147146 	-1.086693
0.147275 	-1.086675
0.147275 	-1.086675
-0.686366 	-0.855585
-0.686366 	-0.855585
-0.686264 	-0.855667
-0.686264 	-0.855667
-1.093255 	-0.092118
-1.093255 	-0.092118
-1.093244 	-0.092248
-1.093244 	-0.092248
-0.820272 	0.728983
-0.820272 	0.728983
-0.820359 	0.728886
-0.820359 	0.728886
-0.036971 	1.097026
-0.036971 	1.097026
-0.037101 	1.097021
-0.037101 	1.097021
0.769666 	0.782954
0.769666 	0.782954
0.769573 	0.783045
0.769573 	0.783045
1.098018 	-0.018156
1.098018 	-0.018156
1.098020 	-0.018026
1.098020 	-0.018026
0.743742 	-0.808326
0.743742 	-0.808326
0.743838 	-0.808237
0.743838 	-0.808237
-0.073122 	-1.096251
-0.073122 	-1.096251
-0.072992 	-1.096260
-0.072992 	-1.096260
-0.844882 	-0.702750
-0.844882 	-0.702750
-0.844798 	-0.702851
-0.844798 	-0.702851
-1.091752 	0.127791
-1.091752 	0.127791
-1.091768 	0.127661
-1.091768 	0.127661
-0.660096 	0.879259
-0.660096 	0.879259
-0.660201 	0.879181
-0.660201 	0.879181
0.092738 	1.095815
0.092738 	1.095815
