	IST       	p       	i       	omega      	e       	w       	S       	T       	W       	
              0	        9316.77	       0.911062	        0.15708	       0.414174	     0.00075867	  -2.88568e-005	  -5.20988e-009	              0
      0.0992413	        9316.25	       0.911041	       0.157077	       0.414066	     0.00149265	  -2.81553e-005	  -3.56396e-006	  -2.77431e-006
       0.198507	        9315.25	       0.910999	       0.157067	        0.41386	     0.00215508	  -2.61122e-005	  -6.86039e-006	  -5.42581e-006
       0.297845	        9313.81	       0.910939	       0.157043	       0.413575	     0.00270699	  -2.29115e-005	   -9.6605e-006	  -7.84059e-006
       0.397293	           9312	       0.910864	       0.157003	       0.413238	     0.00312143	  -1.88345e-005	  -1.17838e-005	  -9.92201e-006
       0.496879	         9309.9	       0.910776	       0.156942	       0.412878	     0.00338608	  -1.42251e-005	  -1.31205e-005	  -1.15972e-005
       0.596614	        9307.61	       0.910681	        0.15686	       0.412526	     0.00350403	  -9.44934e-006	  -1.36388e-005	  -1.28209e-005
       0.696496	        9305.24	       0.910582	       0.156754	       0.412207	     0.00349256	  -4.85497e-006	  -1.33821e-005	  -1.35772e-005
       0.796507	        9302.88	       0.910484	       0.156626	       0.411946	      0.0033804	  -7.37093e-007	  -1.24577e-005	  -1.38779e-005
        0.89662	        9300.64	        0.91039	       0.156477	       0.411755	      0.0032036	   2.68669e-006	  -1.10183e-005	  -1.37593e-005
       0.996796	        9298.61	       0.910305	       0.156309	       0.411642	     0.00300088	   5.28886e-006	  -9.24039e-006	  -1.32771e-005
          1.097	        9296.85	       0.910232	       0.156127	       0.411605	     0.00280903	   7.03219e-006	  -7.30325e-006	     -1.25e-005
        1.19719	        9295.43	       0.910172	       0.155933	       0.411635	     0.00265891	   7.95937e-006	  -5.36973e-006	  -1.15038e-005
        1.29734	        9294.38	       0.910128	       0.155733	       0.411718	     0.00257266	   8.17485e-006	  -3.57263e-006	  -1.03645e-005
        1.39743	        9293.72	       0.910101	       0.155532	       0.411836	     0.00256221	   7.82263e-006	  -2.00674e-006	  -9.15354e-006
        1.49744	        9293.45	        0.91009	       0.155333	       0.411972	     0.00262929	   7.06359e-006	  -7.26886e-007	  -7.93343e-006
        1.59737	        9293.56	       0.910094	       0.155142	       0.412108	     0.00276655	   6.05553e-006	   2.48971e-007	  -6.75517e-006
        1.69723	           9294	       0.910113	       0.154961	        0.41223	     0.00295969	   4.93782e-006	   9.32987e-007	  -5.65693e-006
        1.79704	        9294.73	       0.910144	       0.154794	       0.412328	     0.00318996	   3.82191e-006	   1.35871e-006	  -4.66411e-006
        1.89681	         9295.7	       0.910184	       0.154644	       0.412394	     0.00343685	   2.78749e-006	   1.57204e-006	  -3.79042e-006
        1.99656	        9296.84	       0.910232	       0.154511	       0.412427	     0.00368042	   1.88338e-006	    1.6231e-006	  -3.03974e-006
        2.09632	         9298.1	       0.910285	       0.154396	       0.412427	     0.00390325	   1.13185e-006	   1.55997e-006	  -2.40827e-006
         2.1961	        9299.42	        0.91034	         0.1543	         0.4124	     0.00409164	   5.34668e-007	   1.42447e-006	  -1.88684e-006
        2.29591	        9300.74	       0.910395	       0.154222	       0.412351	     0.00423624	   7.97334e-008	   1.25002e-006	  -1.46303e-006
        2.39576	           9302	       0.910448	       0.154161	       0.412286	     0.00433213	  -2.52973e-007	   1.06117e-006	   -1.1229e-006
        2.49567	        9303.17	       0.910497	       0.154114	       0.412214	     0.00437839	  -4.86548e-007	    8.7431e-007	   -8.5233e-007
        2.59562	        9304.21	       0.910541	       0.154081	       0.412141	     0.00437749	  -6.43737e-007	   6.98984e-007	  -6.37961e-007
        2.69562	        9305.09	       0.910578	       0.154059	       0.412074	     0.00433453	   -7.4481e-007	   5.39498e-007	  -4.67685e-007
        2.79567	        9305.79	       0.910608	       0.154046	       0.412016	     0.00425649	  -8.06517e-007	   3.96424e-007	  -3.30866e-007
        2.89574	        9306.29	       0.910629	       0.154039	       0.411973	     0.00415158	  -8.41775e-007	   2.67865e-007	  -2.18302e-007
        2.99585	        9306.58	       0.910642	       0.154037	       0.411947	     0.00402876	  -8.59808e-007	    1.5042e-007	  -1.22027e-007
        3.09597	        9306.66	       0.910645	       0.154036	        0.41194	     0.00389735	   -8.6645e-007	    3.9849e-008	  -3.50098e-008
         3.1961	        9306.52	        0.91064	       0.154036	       0.411951	     0.00376683	  -8.64445e-007	  -6.84865e-008	   4.92114e-008
        3.29623	        9306.18	       0.910626	       0.154033	       0.411981	     0.00364665	  -8.53622e-007	  -1.79328e-007	   1.36915e-007
        3.39635	        9305.62	       0.910603	       0.154026	       0.412028	     0.00354602	  -8.30887e-007	  -2.97267e-007	   2.34595e-007
        3.49645	        9304.88	       0.910573	       0.154011	       0.412088	     0.00347374	  -7.90036e-007	  -4.26434e-007	   3.49349e-007
        3.59653	        9303.95	       0.910534	       0.153987	       0.412157	     0.00343774	  -7.21461e-007	  -5.70036e-007	   4.89233e-007
        3.69656	        9302.88	        0.91049	       0.153952	       0.412231	     0.00344469	  -6.11867e-007	  -7.29659e-007	   6.63555e-007
        3.79656	        9301.68	        0.91044	       0.153903	       0.412303	     0.00349925	   -4.4419e-007	   -9.0428e-007	   8.83057e-007
         3.8965	         9300.4	       0.910387	       0.153839	       0.412366	     0.00360338	  -1.97995e-007	  -1.08897e-006	   1.15992e-006
         3.9964	        9299.07	       0.910332	       0.153758	       0.412413	     0.00375559	   1.49365e-007	   -1.2734e-006	   1.50756e-006
        4.09624	        9297.76	       0.910277	        0.15366	       0.412437	     0.00395033	   6.20474e-007	  -1.44027e-006	   1.94002e-006
        4.19605	        9296.51	       0.910225	       0.153543	       0.412432	     0.00417764	   1.23428e-006	  -1.56403e-006	   2.47106e-006
        4.29582	        9295.39	       0.910178	       0.153407	       0.412394	     0.00442329	   2.00112e-006	  -1.61036e-006	   3.11277e-006
        4.39558	        9294.45	       0.910139	       0.153254	       0.412324	      0.0046695	    2.9167e-006	  -1.53678e-006	   3.87376e-006
        4.49533	        9293.76	        0.91011	       0.153086	       0.412223	     0.00489621	   3.95552e-006	  -1.29506e-006	   4.75702e-006
         4.5951	        9293.37	       0.910094	       0.152903	       0.412099	      0.0050831	   5.06496e-006	  -8.35632e-007	   5.75767e-006
        4.69492	        9293.32	       0.910092	       0.152711	       0.411963	     0.00521194	   6.16141e-006	  -1.14169e-007	   6.86074e-006
        4.79479	        9293.65	       0.910106	       0.152512	       0.411829	     0.00526931	   7.12982e-006	   9.00211e-007	   8.03939e-006
        4.89473	        9294.37	       0.910136	       0.152311	       0.411715	     0.00524905	   7.82834e-006	   2.21585e-006	   9.25394e-006
        4.99475	        9295.48	       0.910183	       0.152113	       0.411639	     0.00515423	   8.09853e-006	   3.81003e-006	    1.0452e-005
        5.09485	        9296.95	       0.910244	       0.151921	       0.411618	     0.00499822	   7.78137e-006	   5.62261e-006	   1.15698e-005
          5.195	        9298.76	        0.91032	       0.151741	       0.411665	     0.00480439	   6.73774e-006	   7.55356e-006	   1.25351e-005
         5.2952	        9300.83	       0.910406	       0.151577	       0.411788	     0.00460453	   4.87117e-006	   9.46574e-006	   1.32718e-005
         5.3954	        9303.09	         0.9105	       0.151431	       0.411989	     0.00443584	   2.14966e-006	   1.11936e-005	   1.37048e-005
        5.49556	        9305.45	       0.910599	       0.151307	       0.412259	     0.00433686	   -1.3772e-006	    1.2558e-005	   1.37669e-005
        5.59566	        9307.81	       0.910697	       0.151206	       0.412582	     0.00434284	  -5.56919e-006	   1.33848e-005	   1.34047e-005
        5.69566	        9310.06	       0.910792	       0.151127	       0.412937	     0.00448109	  -1.01974e-005	   1.35273e-005	   1.25849e-005
        5.79552	        9312.12	       0.910877	        0.15107	       0.413295	     0.00476708	  -1.49586e-005	   1.28867e-005	   1.12991e-005
        5.89523	        9313.87	        0.91095	       0.151033	       0.413625	     0.00520183	  -1.95011e-005	   1.14296e-005	   9.56694e-006
         5.9948	        9315.24	       0.911007	       0.151012	       0.413899	     0.00577099	  -2.34606e-005	   9.19875e-006	   7.43718e-006
        6.09423	        9316.16	       0.911046	       0.151003	       0.414091	     0.00644586	  -2.65002e-005	    6.3141e-006	   4.98572e-006
        6.19355	        9316.58	       0.911063	       0.151001	       0.414183	     0.00718615	  -2.83506e-005	   2.96441e-006	   2.31155e-006
        6.29281	         9316.5	        0.91106	       0.151001	       0.414166	     0.00794435	   -2.8843e-005	  -6.11014e-007	  -4.69975e-007
        6.39206	         9315.9	       0.911035	       0.150997	       0.414043	     0.00867092	  -2.79309e-005	  -4.14775e-006	  -3.23535e-006
        6.49133	        9314.82	        0.91099	       0.150985	       0.413824	     0.00931978	  -2.56961e-005	  -7.38533e-006	  -5.86218e-006
        6.59068	        9313.31	       0.910927	       0.150959	        0.41353	      0.0098534	  -2.23383e-005	  -1.00958e-005	  -8.23826e-006
        6.69015	        9311.44	       0.910849	       0.150915	       0.413187	      0.0102467	  -1.81502e-005	  -1.21077e-005	  -1.02696e-005
        6.78975	         9309.3	        0.91076	       0.150851	       0.412826	      0.0104896	  -1.34818e-005	  -1.33219e-005	  -1.18865e-005
        6.88951	        9306.99	       0.910664	       0.150764	       0.412476	      0.0105872	  -8.69964e-006	  -1.37176e-005	  -1.30474e-005
        6.98941	        9304.61	       0.910565	       0.150655	       0.412164	      0.0105587	  -4.14667e-006	  -1.33483e-005	  -1.37399e-005
        7.08944	        9302.26	       0.910467	       0.150523	       0.411911	       0.010434	  -1.08953e-007	  -1.23292e-005	  -1.39792e-005
        7.18957	        9300.05	       0.910374	        0.15037	       0.411731	        0.01025	   3.20763e-006	  -1.08183e-005	  -1.38045e-005
        7.28975	        9298.05	       0.910291	       0.150199	        0.41163	      0.0100455	   5.68828e-006	  -8.99452e-006	  -1.32735e-005
        7.38995	        9296.34	       0.910219	       0.150014	       0.411603	     0.00985671	   7.30793e-006	  -7.03633e-006	  -1.24565e-005
        7.49014	        9294.97	       0.910162	       0.149819	       0.411642	     0.00971348	   8.11958e-006	  -5.10376e-006	  -1.14297e-005
        7.59029	        9293.99	       0.910121	       0.149618	       0.411731	     0.00963665	   8.23527e-006	  -3.32513e-006	  -1.02691e-005
        7.69036	        9293.39	       0.910096	       0.149416	       0.411854	     0.00963671	   7.80356e-006	  -1.78995e-006	   -9.0455e-006
        7.79036	        9293.19	       0.910088	       0.149218	       0.411992	     0.00971401	   6.98697e-006	   -5.4772e-007	  -7.82023e-006
        7.89029	        9293.35	       0.910095	       0.149027	       0.412127	     0.00986008	   5.94237e-006	   3.88364e-007	  -6.64291e-006
        7.99014	        9293.85	       0.910116	       0.148848	       0.412247	      0.0100598	   4.80646e-006	   1.03424e-006	  -5.55021e-006
        8.08994	        9294.63	       0.910148	       0.148683	       0.412341	      0.0102938	   3.68694e-006	   1.42607e-006	  -4.56606e-006
        8.18971	        9295.63	       0.910191	       0.148535	       0.412403	      0.0105416	   2.65939e-006	   1.61122e-006	  -3.70287e-006
        8.28946	         9296.8	        0.91024	       0.148405	       0.412431	      0.0107834	   1.76875e-006	   1.64031e-006	  -2.96338e-006
        8.38922	        9298.08	       0.910293	       0.148293	       0.412427	      0.0110022	   1.03398e-006	   1.56112e-006	  -2.34297e-006
          8.489	        9299.41	       0.910349	         0.1482	       0.412397	      0.0111849	   4.54363e-007	   1.41472e-006	  -1.83188e-006
        8.58882	        9300.72	       0.910404	       0.148124	       0.412345	      0.0113226	   1.60621e-008	   1.23352e-006	  -1.41731e-006
        8.68868	        9301.98	       0.910456	       0.148065	       0.412279	      0.0114112	   -3.0193e-007	   1.04106e-006	  -1.08513e-006
        8.78859	        9303.13	       0.910505	       0.148021	       0.412206	      0.0114501	  -5.23138e-007	   8.52728e-007	  -8.21201e-007
        8.88855	        9304.15	       0.910548	        0.14799	       0.412133	      0.0114424	  -6.70327e-007	   6.77293e-007	  -6.12193e-007
        8.98856	           9305	       0.910584	       0.147969	       0.412067	      0.0113936	  -7.63541e-007	   5.18434e-007	  -4.46109e-007
        9.08861	        9305.67	       0.910612	       0.147957	       0.412011	      0.0113108	  -8.19162e-007	   3.76272e-007	  -3.12437e-007
        9.18869	        9306.13	       0.910632	       0.147952	       0.411971	      0.0112024	  -8.49695e-007	   2.48604e-007	  -2.02094e-007
         9.2888	        9306.39	       0.910643	        0.14795	       0.411947	      0.0110776	  -8.63942e-007	   1.31839e-007	  -1.07216e-007
        9.38892	        9306.43	       0.910645	        0.14795	       0.411943	      0.0109457	  -8.67334e-007	   2.16254e-008	  -2.08387e-008
        9.48905	        9306.26	       0.910638	       0.147949	       0.411957	      0.0108162	  -8.62227e-007	   -8.6719e-008	   6.34629e-008
        9.58918	        9305.88	       0.910623	       0.147946	       0.411989	      0.0106985	  -8.48069e-007	  -1.97928e-007	   1.51972e-007
         9.6893	        9305.29	       0.910599	       0.147937	       0.412038	      0.0106017	  -8.21374e-007	  -3.16531e-007	   2.51223e-007
         9.7894	        9304.52	       0.910567	       0.147921	       0.412099	      0.0105345	  -7.75537e-007	  -4.46529e-007	    3.6839e-007
        9.88947	        9303.57	       0.910527	       0.147896	        0.41217	      0.0105047	  -7.00536e-007	  -5.90908e-007	   5.11635e-007
         9.9895	        9302.47	       0.910482	       0.147858	       0.412244	      0.0105186	  -5.82676e-007	  -7.50918e-007	   6.90386e-007
        10.0895	        9301.26	       0.910432	       0.147807	       0.412315	      0.0105805	  -4.04568e-007	  -9.25047e-007	   9.15504e-007
        10.1894	        9299.97	       0.910378	       0.147741	       0.412376	      0.0106919	  -1.45605e-007	  -1.10771e-006	   1.19927e-006
        10.2893	        9298.65	       0.910323	       0.147657	        0.41242	      0.0108507	   2.16737e-007	  -1.28774e-006	   1.55512e-006
        10.3891	        9297.34	       0.910269	       0.147556	        0.41244	      0.0110507	   7.04486e-007	  -1.44686e-006	   1.99704e-006
        10.4889	        9296.12	       0.910218	       0.147436	       0.412431	      0.0112814	   1.33543e-006	   -1.5585e-006	   2.53858e-006
        10.5887	        9295.02	       0.910172	       0.147298	       0.412389	      0.0115281	   2.11802e-006	  -1.58739e-006	    3.1914e-006
        10.6885	        9294.13	       0.910135	       0.147143	       0.412314	      0.0117726	   3.04524e-006	  -1.49041e-006	   3.96347e-006
        10.7882	        9293.49	       0.910108	       0.146972	        0.41221	      0.0119948	   4.08817e-006	  -1.21923e-006	   4.85688e-006
         10.888	        9293.15	       0.910094	       0.146788	       0.412084	      0.0121745	   5.19025e-006	  -7.24991e-007	    5.8656e-006
        10.9878	        9293.17	       0.910095	       0.146595	       0.411948	      0.0122941	   6.26382e-006	   3.48925e-008	   6.97328e-006
        11.0877	        9293.56	       0.910111	       0.146396	       0.411816	      0.0123411	   7.19035e-006	   1.08839e-006	   8.15162e-006
        11.1877	        9294.34	       0.910144	       0.146196	       0.411707	      0.0123105	   7.82569e-006	    2.4398e-006	   9.35944e-006
        11.2877	        9295.51	       0.910193	       0.145999	       0.411639	      0.0122069	   8.01113e-006	   4.06149e-006	    1.0543e-005
        11.3878	        9297.04	       0.910257	       0.145809	       0.411627	      0.0120449	      7.59e-006	   5.88796e-006	   1.16374e-005
         11.488	        9298.89	       0.910334	       0.145632	       0.411685	      0.0118493	   6.42855e-006	   7.81407e-006	   1.25701e-005
        11.5882	        9300.99	       0.910422	       0.145471	        0.41182	      0.0116527	   4.43864e-006	   9.69857e-006	   1.32647e-005
        11.6883	        9303.27	       0.910517	       0.145329	        0.41203	      0.0114926	   1.59911e-006	   1.13736e-005	   1.36472e-005
        11.7885	        9305.64	       0.910616	       0.145209	       0.412309	      0.0114074	  -2.02806e-006	   1.26601e-005	   1.36518e-005
        11.8886	        9307.98	       0.910714	       0.145111	       0.412638	      0.0114315	  -6.29011e-006	   1.33872e-005	   1.32275e-005
        11.9886	        9310.21	       0.910807	       0.145037	       0.412994	      0.0115906	   -1.0947e-005	    1.3414e-005	   1.23438e-005
        12.0884	        9312.22	        0.91089	       0.144983	       0.413349	      0.0118983	  -1.56876e-005	   1.26502e-005	    1.0996e-005
        12.1881	        9313.91	       0.910961	       0.144949	       0.413672	      0.0123535	  -2.01567e-005	    1.1073e-005	   9.20717e-006
        12.2876	        9315.21	       0.911015	        0.14493	       0.413935	      0.0129398	  -2.39919e-005	   8.73593e-006	   7.02964e-006
        12.3871	        9316.05	        0.91105	       0.144923	       0.414113	      0.0136266	  -2.68638e-005	   5.76949e-006	   4.54246e-006
        12.4864	        9316.39	       0.911064	       0.144922	        0.41419	      0.0143724	  -2.85158e-005	   2.37068e-006	   1.84704e-006
        12.5856	        9316.21	       0.911057	       0.144921	       0.414157	      0.0151291	  -2.87955e-005	  -1.21606e-006	  -9.39761e-007
        12.6849	        9315.53	       0.911029	       0.144917	       0.414018	      0.0158473	  -2.76744e-005	  -4.72508e-006	  -3.69408e-006
        12.7842	        9314.37	        0.91098	       0.144902	       0.413787	      0.0164818	  -2.52519e-005	  -7.89873e-006	  -6.29427e-006
        12.8835	         9312.8	       0.910915	       0.144873	       0.413483	      0.0169966	   -2.1743e-005	  -1.05156e-005	  -8.62995e-006
         12.983	        9310.87	       0.910835	       0.144826	       0.413135	      0.0173685	  -1.74511e-005	  -1.24135e-005	  -1.06098e-005
        13.0826	         9308.7	       0.910744	       0.144758	       0.412773	      0.0175897	  -1.27316e-005	  -1.35042e-005	  -1.21675e-005
        13.1824	        9306.36	       0.910647	       0.144668	       0.412426	      0.0176673	  -7.95055e-006	  -1.37778e-005	  -1.32652e-005
        13.2823	        9303.98	       0.910547	       0.144554	       0.412121	      0.0176222	  -3.44556e-006	  -1.32978e-005	   -1.3894e-005
        13.3824	        9301.64	        0.91045	       0.144419	       0.411878	      0.0174857	   5.06854e-007	   -1.2187e-005	  -1.40723e-005
        13.4825	        9299.45	       0.910358	       0.144262	       0.411709	      0.0172953	   3.71281e-006	  -1.06081e-005	  -1.38422e-005
        13.5827	        9297.49	       0.910277	       0.144088	       0.411618	      0.0170897	   6.07029e-006	  -8.74198e-006	  -1.32634e-005
        13.6829	        9295.84	       0.910207	       0.143901	       0.411602	      0.0169045	   7.56624e-006	  -6.76619e-006	  -1.24076e-005
        13.7831	        9294.53	       0.910153	       0.143704	        0.41165	      0.0167687	   8.26365e-006	  -4.83758e-006	  -1.13514e-005
        13.8832	        9293.61	       0.910114	       0.143502	       0.411746	      0.0167015	    8.2818e-006	  -3.07977e-006	  -1.01707e-005
        13.9833	        9293.08	       0.910092	       0.143299	       0.411872	      0.0167122	   7.77339e-006	  -1.57693e-006	  -8.93541e-006
        14.0833	        9292.94	       0.910086	       0.143102	       0.412011	      0.0167996	   6.90216e-006	   -3.7324e-007	  -7.70589e-006
        14.1832	        9293.16	       0.910096	       0.142912	       0.412146	      0.0169542	    5.8238e-006	    5.2276e-007	  -6.53024e-006
         14.283	        9293.71	       0.910119	       0.142735	       0.412263	        0.01716	    4.6721e-006	   1.13066e-006	  -5.44364e-006
        14.3828	        9294.53	       0.910153	       0.142572	       0.412353	      0.0173975	   3.55088e-006	   1.48909e-006	  -4.46856e-006
        14.4826	        9295.57	       0.910197	       0.142427	       0.412411	      0.0176458	   2.53159e-006	   1.64675e-006	   -3.6161e-006
        14.5824	        9296.77	       0.910247	       0.142299	       0.412435	      0.0178855	   1.65533e-006	    1.6546e-006	  -2.88793e-006
        14.6821	        9298.07	       0.910302	        0.14219	       0.412427	         0.0181	   9.37836e-007	   1.56006e-006	  -2.27861e-006
        14.7819	         9299.4	       0.910357	         0.1421	       0.412393	      0.0182767	   3.75967e-007	   1.40337e-006	  -1.77782e-006
        14.8817	        9300.71	       0.910412	       0.142027	       0.412338	      0.0184074	  -4.57188e-008	   1.21595e-006	   -1.3724e-006
        14.9816	        9301.95	       0.910465	        0.14197	       0.412271	      0.0184886	  -3.49144e-007	   1.02025e-006	  -1.04808e-006
        15.0815	        9303.09	       0.910512	       0.141928	       0.412197	      0.0185203	  -5.58191e-007	    8.3074e-007	  -7.90663e-007
        15.1815	        9304.08	       0.910554	       0.141899	       0.412125	      0.0185059	  -6.95603e-007	   6.55387e-007	  -5.86903e-007
        15.2815	         9304.9	       0.910589	        0.14188	        0.41206	      0.0184513	   -7.8116e-007	   4.97274e-007	  -4.24905e-007
        15.3815	        9305.54	       0.910616	       0.141869	       0.412006	      0.0183639	  -8.30867e-007	   3.56091e-007	  -2.94281e-007
        15.4816	        9305.97	       0.910634	       0.141864	       0.411968	      0.0182524	  -8.56803e-007	   2.29348e-007	  -1.86071e-007
        15.5817	        9306.19	       0.910644	       0.141863	       0.411948	      0.0181258	  -8.67349e-007	    1.1327e-007	  -9.25066e-008
        15.6819	         9306.2	       0.910644	       0.141863	       0.411946	      0.0179936	  -8.67529e-007	   3.41151e-009	  -6.69275e-009
         15.782	        9305.99	       0.910636	       0.141862	       0.411963	      0.0178653	  -8.59314e-007	  -1.04947e-007	   7.77655e-008
        15.8821	        9305.58	       0.910619	       0.141858	       0.411998	      0.0177503	  -8.41768e-007	  -2.16524e-007	   1.67158e-007
        15.9822	        9304.96	       0.910594	       0.141848	       0.412048	      0.0176576	  -8.11018e-007	  -3.35774e-007	   2.68064e-007
        16.0823	        9304.15	       0.910561	       0.141831	       0.412111	      0.0175957	  -7.60055e-007	  -4.66558e-007	   3.87736e-007
        16.1824	        9303.18	        0.91052	       0.141803	       0.412183	      0.0175722	  -6.78449e-007	   -6.1163e-007	   5.34442e-007
        16.2824	        9302.06	       0.910474	       0.141764	       0.412256	      0.0175931	  -5.52118e-007	  -7.71884e-007	    7.1773e-007
        16.3824	        9300.84	       0.910423	       0.141711	       0.412326	      0.0176624	  -3.63367e-007	  -9.45299e-007	    9.4858e-007
        16.4823	        9299.54	       0.910369	       0.141641	       0.412385	      0.0177809	  -9.14574e-008	  -1.12561e-006	   1.23936e-006
        16.5822	        9298.22	       0.910314	       0.141555	       0.412426	      0.0179461	   2.85963e-007	  -1.30081e-006	   1.60353e-006
        16.6821	        9296.93	       0.910261	       0.141451	       0.412443	      0.0181512	   7.90291e-007	  -1.45164e-006	   2.05498e-006
        16.7818	        9295.73	        0.91021	       0.141328	       0.412429	       0.018385	   1.43806e-006	  -1.55052e-006	   2.60704e-006
        16.8816	        9294.67	       0.910166	       0.141188	       0.412383	      0.0186324	   2.23574e-006	  -1.56126e-006	   3.27092e-006
        16.9814	        9293.81	       0.910131	        0.14103	       0.412304	      0.0188747	   3.17353e-006	  -1.44017e-006	   4.05391e-006
        17.0811	        9293.22	       0.910106	       0.140858	       0.412197	       0.019092	   4.21899e-006	  -1.13892e-006	   4.95718e-006
        17.1809	        9292.95	       0.910094	       0.140673	       0.412069	      0.0192642	   5.31163e-006	  -6.09498e-007	   5.97352e-006
        17.2807	        9293.02	       0.910098	       0.140479	       0.411933	      0.0193743	    6.3598e-006	   1.88795e-007	    7.0852e-006
        17.3806	        9293.48	       0.910117	        0.14028	       0.411805	      0.0194109	   7.24161e-006	   1.28087e-006	   8.26244e-006
        17.4806	        9294.32	       0.910152	        0.14008	       0.411701	      0.0193702	   7.81089e-006	   2.66686e-006	   9.46257e-006
        17.5806	        9295.55	       0.910204	       0.139885	        0.41164	      0.0192581	   7.90901e-006	   4.31416e-006	   1.06305e-005
        17.6807	        9297.14	        0.91027	       0.139697	       0.411638	      0.0190907	   7.38203e-006	   6.15192e-006	   1.17005e-005
        17.7809	        9299.03	       0.910349	       0.139523	       0.411707	      0.0188939	   6.10195e-006	   8.07002e-006	   1.25992e-005
        17.8811	        9301.16	       0.910438	       0.139365	       0.411852	      0.0187013	   3.98935e-006	    9.9233e-006	   1.32508e-005
        17.9813	        9303.46	       0.910534	       0.139227	       0.412073	      0.0185506	   1.03415e-006	   1.15419e-005	   1.35818e-005
        18.0814	        9305.82	       0.910633	       0.139111	       0.412359	      0.0184798	  -2.68923e-006	   1.27474e-005	   1.35283e-005
        18.1815	        9308.15	        0.91073	       0.139017	       0.412693	      0.0185223	  -7.01561e-006	   1.33722e-005	   1.30415e-005
        18.2815	        9310.35	       0.910822	       0.138946	       0.413051	      0.0187025	  -1.16943e-005	   1.32818e-005	   1.20943e-005
        18.3813	        9312.31	       0.910903	       0.138897	       0.413402	      0.0190318	  -1.64065e-005	   1.23949e-005	   1.06849e-005
         18.481	        9313.94	       0.910971	       0.138865	       0.413718	      0.0195071	  -2.07946e-005	   1.06991e-005	   8.84046e-006
        18.5805	        9315.16	       0.911022	       0.138849	       0.413969	      0.0201099	  -2.44986e-005	   8.25909e-006	   6.61661e-006
        18.6799	        9315.92	       0.911054	       0.138843	       0.414133	      0.0208078	  -2.71976e-005	   5.21533e-006	   4.09551e-006
        18.7792	        9316.17	       0.911064	       0.138842	       0.414194	      0.0215581	   -2.8648e-005	   1.77279e-006	   1.38087e-006
        18.8784	        9315.91	       0.911054	       0.138841	       0.414145	      0.0223123	  -2.87143e-005	  -1.81947e-006	  -1.40907e-006
        18.9777	        9315.15	       0.911022	       0.138835	       0.413992	      0.0230212	  -2.73862e-005	  -5.29511e-006	  -4.15022e-006
         19.077	        9313.91	        0.91097	       0.138819	       0.413748	      0.0236405	  -2.47806e-005	  -8.39988e-006	  -6.72183e-006
        19.1764	        9312.27	       0.910902	       0.138787	       0.413435	      0.0241359	  -2.11268e-005	  -1.09194e-005	  -9.01546e-006
        19.2759	         9310.3	        0.91082	       0.138737	       0.413083	      0.0244863	  -1.67385e-005	   -1.2701e-005	  -1.09426e-005
        19.3755	        9308.09	       0.910728	       0.138665	        0.41272	      0.0246858	  -1.19756e-005	  -1.36674e-005	  -1.24403e-005
        19.4753	        9305.73	        0.91063	       0.138571	       0.412377	      0.0247437	  -7.20316e-006	  -1.38197e-005	  -1.34744e-005
        19.5753	        9303.34	        0.91053	       0.138453	        0.41208	      0.0246826	  -2.75257e-006	   -1.3231e-005	  -1.40394e-005
        19.6753	        9301.02	       0.910433	       0.138313	       0.411846	       0.024535	   1.10963e-006	  -1.20314e-005	  -1.41572e-005
        19.7755	        9298.86	       0.910343	       0.138154	       0.411688	      0.0243389	   4.20179e-006	  -1.03881e-005	  -1.38725e-005
        19.8757	        9296.95	       0.910263	       0.137977	       0.411609	      0.0241329	   6.43469e-006	  -8.48327e-006	  -1.32469e-005
        19.9759	        9295.34	       0.910196	       0.137787	       0.411603	      0.0239521	   7.80713e-006	  -6.49332e-006	  -1.23534e-005
         20.076	        9294.09	       0.910144	       0.137588	       0.411659	       0.023824	   8.39177e-006	  -4.57158e-006	  -1.12689e-005
        20.1762	        9293.23	       0.910108	       0.137385	       0.411761	      0.0237667	   8.31474e-006	  -2.83686e-006	  -1.00692e-005
        20.2762	        9292.77	       0.910089	       0.137183	       0.411891	       0.023788	   7.73246e-006	  -1.36788e-006	  -8.82339e-006
        20.3762	        9292.69	       0.910085	       0.136986	       0.412031	      0.0238854	   6.80954e-006	  -2.03576e-007	  -7.59049e-006
        20.4761	        9292.97	       0.910097	       0.136797	       0.412165	      0.0240483	   5.70018e-006	   6.52107e-007	  -6.41725e-006
         20.576	        9293.57	       0.910122	       0.136622	       0.412279	      0.0242599	   4.53503e-006	   1.22226e-006	  -5.33729e-006
        20.6757	        9294.44	       0.910159	       0.136461	       0.412365	      0.0245004	   3.41396e-006	   1.54783e-006	  -4.37165e-006
        20.7755	        9295.52	       0.910204	       0.136318	       0.412418	      0.0247489	   2.40427e-006	   1.67869e-006	  -3.53014e-006
        20.8753	        9296.74	       0.910255	       0.136193	       0.412438	      0.0249861	   1.54324e-006	   1.66604e-006	  -2.81341e-006
         20.975	        9298.05	        0.91031	       0.136087	       0.412426	      0.0251959	   8.43476e-007	   1.55686e-006	   -2.2152e-006
        21.0748	        9299.38	       0.910366	          0.136	       0.412388	      0.0253664	   2.99517e-007	   1.39051e-006	  -1.72465e-006
        21.1746	        9300.69	       0.910421	       0.135929	       0.412331	      0.0254901	  -1.05597e-007	   1.19736e-006	   -1.3283e-006
        21.2745	        9301.92	       0.910472	       0.135875	       0.412263	      0.0255638	  -3.94617e-007	   9.98803e-007	  -1.01172e-006
        21.3744	        9303.04	       0.910519	       0.135835	       0.412189	      0.0255883	   -5.9172e-007	   8.08381e-007	  -7.60707e-007
        21.4744	        9304.01	        0.91056	       0.135808	       0.412117	      0.0255674	  -7.19579e-007	   6.33292e-007	  -5.62081e-007
        21.5744	         9304.8	       0.910594	        0.13579	       0.412054	      0.0255072	  -7.97686e-007	   4.76038e-007	  -4.04062e-007
        21.6745	        9305.41	       0.910619	       0.135781	       0.412002	      0.0254154	  -8.41647e-007	   3.35897e-007	   -2.7639e-007
        21.7746	        9305.81	       0.910636	       0.135776	       0.411966	      0.0253009	  -8.63112e-007	   2.10104e-007	  -1.70224e-007
        21.8747	        9305.99	       0.910644	       0.135775	       0.411948	      0.0251727	  -8.70035e-007	   9.47206e-008	  -7.78923e-008
        21.9748	        9305.96	       0.910644	       0.135775	       0.411949	      0.0250405	  -8.67038e-007	  -1.47867e-008	   7.43548e-009
         22.075	        9305.72	       0.910634	       0.135774	       0.411969	      0.0249137	  -8.55703e-007	  -1.23165e-007	   9.21266e-008
        22.1751	        9305.27	       0.910615	       0.135769	       0.412006	      0.0248015	  -8.34713e-007	  -2.35106e-007	   1.82481e-007
        22.2752	        9304.62	       0.910589	       0.135758	       0.412059	      0.0247131	  -7.99807e-007	  -3.54984e-007	   2.85126e-007
        22.3753	        9303.78	       0.910554	        0.13574	       0.412124	      0.0246567	  -7.43576e-007	  -4.86507e-007	   4.07396e-007
        22.4753	        9302.79	       0.910513	        0.13571	       0.412195	      0.0246396	  -6.55185e-007	   -6.3218e-007	   5.57664e-007
        22.5754	        9301.65	       0.910466	       0.135669	       0.412269	      0.0246676	  -5.20179e-007	  -7.92524e-007	   7.45599e-007
        22.6753	        9300.42	       0.910415	       0.135613	       0.412338	      0.0247442	   -3.2058e-007	  -9.64995e-007	   9.82294e-007
        22.7753	        9299.12	       0.910361	       0.135541	       0.412394	      0.0248698	  -3.55562e-008	  -1.14263e-006	    1.2802e-006
        22.8751	         9297.8	       0.910306	       0.135452	       0.412432	      0.0250412	   3.57017e-007	  -1.31256e-006	   1.65278e-006
         22.975	        9296.53	       0.910253	       0.135346	       0.412445	      0.0252511	   8.77831e-007	  -1.45454e-006	   2.11384e-006
        23.0747	        9295.35	       0.910203	        0.13522	       0.412427	      0.0254877	   1.54209e-006	     -1.54e-006	   2.67642e-006
        23.1745	        9294.32	       0.910161	       0.135077	       0.412376	      0.0257354	   2.35415e-006	  -1.53189e-006	    3.3513e-006
        23.2743	        9293.51	       0.910127	       0.134918	       0.412294	      0.0259752	   3.30136e-006	    -1.386e-006	   4.14504e-006
         23.374	        9292.97	       0.910104	       0.134743	       0.412183	      0.0261872	   4.34772e-006	  -1.05411e-006	   5.05787e-006
        23.4738	        9292.75	       0.910095	       0.134557	       0.412054	      0.0263516	   5.42877e-006	  -4.89174e-007	   6.08135e-006
        23.5736	        9292.89	       0.910101	       0.134363	       0.411919	      0.0264521	   6.44897e-006	   3.47449e-007	    7.1964e-006
        23.6735	        9293.41	       0.910123	       0.134164	       0.411794	      0.0264782	   7.28323e-006	   1.47747e-006	   8.37172e-006
        23.7735	        9294.32	       0.910161	       0.133965	       0.411696	      0.0264275	   7.78363e-006	   2.89678e-006	   9.56319e-006
        23.8736	         9295.6	       0.910215	       0.133771	       0.411643	      0.0263073	   7.79194e-006	   4.56768e-006	   1.07144e-005
        23.9737	        9297.24	       0.910283	       0.133586	        0.41165	      0.0261351	   7.15736e-006	   6.41406e-006	   1.17587e-005
        24.0739	        9299.17	       0.910364	       0.133414	        0.41173	      0.0259378	   5.75805e-006	    8.3209e-006	   1.26225e-005
        24.1741	        9301.34	       0.910455	        0.13326	       0.411886	      0.0257498	   3.52364e-006	   1.01394e-005	   1.32299e-005
        24.2743	        9303.65	       0.910551	       0.133126	       0.412117	      0.0256092	   4.55344e-007	   1.16981e-005	   1.35086e-005
        24.3744	        9306.01	        0.91065	       0.133013	       0.412411	      0.0255535	  -3.35991e-006	   1.28193e-005	   1.33964e-005
        24.4744	        9308.32	       0.910746	       0.132924	       0.412749	       0.025615	   -7.7447e-006	   1.33395e-005	    1.2847e-005
        24.5744	        9310.48	       0.910836	       0.132857	       0.413107	      0.0258163	   -1.2438e-005	   1.31308e-005	   1.18362e-005
        24.6742	        9312.39	       0.910916	        0.13281	       0.413455	      0.0261672	  -1.71143e-005	   1.21211e-005	    1.0366e-005
        24.7738	        9313.95	       0.910981	       0.132782	       0.413762	      0.0266621	  -2.14136e-005	   1.03086e-005	   8.46699e-006
        24.8733	         9315.1	       0.911029	       0.132767	       0.414002	      0.0272806	  -2.49798e-005	   7.76887e-006	   6.19831e-006
        24.9727	        9315.78	       0.911057	       0.132763	       0.414151	      0.0279887	  -2.75008e-005	   4.65239e-006	   3.64511e-006
         25.072	        9315.94	       0.911064	       0.132762	       0.414195	      0.0287426	   -2.8747e-005	   1.17159e-006	   9.13318e-007
